5000 5000
10000
3460 7483
4382 5739
1442 9153
2205 7726
638 5338
434 6160
1055 6392
1971 9472
1555 6232
2339 7006
1195 8991
3476 6543
754 7029
445 9766
1424 5975
663 8710
1887 7924
3916 8443
3691 7567
1820 6778
2789 5433
4192 8361
4753 6515
2215 8449
98 6177
1343 5619
1596 7030
1236 7495
4236 9324
4807 5755
1849 7593
4341 6511
1421 7803
4154 9592
2187 9921
4384 8332
1373 9871
3105 5931
3477 9569
4291 8450
521 7493
1174 7582
3170 9742
607 9491
2159 5689
2934 9605
597 9310
1660 6272
1111 8271
471 7093
4326 9614
470 9575
2763 8889
73 7185
627 6265
436 5092
2159 8427
4147 8518
401 6989
1958 9343
4685 8488
4979 9061
1032 9413
4918 9831
4773 8125
4269 9768
4642 5111
1258 9969
1265 6399
1758 9978
1892 8480
1254 6234
876 9686
4692 7027
2171 5867
837 7669
909 7183
2091 5005
4750 6057
3112 5326
3113 9282
2010 5524
1499 7549
4371 8369
2355 5743
1585 5636
2621 6912
3736 6414
2843 7574
4435 9740
1145 7312
3489 8016
2412 6349
687 5107
363 8545
3471 5514
3551 6837
4496 6034
2145 8928
4009 9742
1547 9479
2421 6139
718 5099
2419 5477
1367 6345
1290 5239
778 6647
3247 7146
2448 6007
4600 5478
3898 7674
1740 5996
2785 9112
1247 7725
1349 5095
3363 9262
1888 8195
2193 5504
3591 9151
2196 9784
2217 8014
858 5054
639 7931
2562 8872
1579 8556
4728 8270
2170 5975
3897 5284
405 7826
1594 9791
2613 7136
552 7067
4086 8297
4022 5829
4377 6486
2254 5747
3757 7853
542 7776
3004 7671
1902 7040
4982 6258
2959 5047
1422 9950
4824 8172
4401 7102
3456 5166
1596 9779
2436 5004
3442 9650
1788 6306
2591 7452
4384 9439
3852 6756
1494 5967
4892 6645
469 8183
4668 7546
481 7077
4979 5744
2074 5282
1838 6612
301 9408
2892 6623
4344 7979
900 9217
1436 7648
319 5681
1419 9937
2562 9008
4810 7794
2509 8421
2785 7000
773 9094
98 7585
2733 9330
1332 8592
49 6408
355 7670
887 5186
2896 7744
2543 5172
1462 5866
3580 5575
3261 5818
3717 5194
570 7780
4554 6980
228 6063
4041 5460
665 9726
897 8870
129 8887
534 9490
3671 6951
1658 7100
1402 8481
4048 8733
3815 8553
1247 6745
567 6737
3886 7458
568 7081
2742 5272
2414 9221
168 5738
2724 8901
938 6982
4078 5904
3446 6197
4779 6862
403 5722
4774 6337
2343 8788
2878 7971
1924 7156
1780 8151
3 8804
2594 9000
1723 5355
2208 9839
1344 5822
3688 7406
2618 6701
325 8294
4013 8713
4508 6392
467 6396
3589 7996
3209 8363
2183 6977
1617 9968
338 5642
1883 8314
3159 6579
4371 8729
1492 5601
3865 7006
2233 6366
4279 7864
420 6863
4260 8455
2990 6537
4891 7284
2109 6480
1724 9241
954 5856
1502 8243
4481 9830
4387 7697
2269 8256
1852 6605
3429 5452
37 7816
3776 6492
4071 7424
2996 9056
326 8814
4537 8304
1705 6644
1812 5732
2487 7387
2506 5862
2740 7908
3046 8688
1469 8767
1908 6491
2069 8036
2697 6842
569 8443
2610 6225
1977 6766
4058 7405
4105 6312
4461 5957
1736 9611
3503 6455
1415 6145
702 9283
2855 8697
3941 7248
2095 9129
1117 6388
1626 8590
54 6667
3769 7030
1057 7931
609 8122
3650 7276
3362 9408
132 7295
2503 5371
390 9874
2427 7007
4515 6184
4345 7801
3443 6217
897 9812
1705 9602
842 5945
1282 9362
1222 6218
4756 9651
3762 6406
2312 6977
3003 5988
3697 9335
1258 8151
511 5098
1274 8233
945 9974
1933 7402
4184 6190
3673 5613
4071 6080
2075 8649
846 9459
3167 9869
1244 7062
3640 9761
760 7018
1234 5597
2153 5997
1520 6352
1865 9926
116 9765
3095 5952
2696 9262
4354 6962
1231 7353
3213 6662
2328 6469
2578 7331
171 5837
2071 8142
1849 8801
4881 5074
2316 6369
668 8097
3715 7284
459 5981
671 6723
1030 6305
34 9524
1296 6497
1083 5271
3602 8175
2729 6782
2545 9601
253 6558
5000 7052
2888 6635
2038 6096
3304 6253
2091 9032
1375 8895
432 7695
825 5377
1353 7616
1611 6931
3310 8761
1889 9270
2083 8800
96 5881
3118 7142
4984 5640
1649 6447
4001 9014
1063 9746
582 9548
2431 6889
2709 9438
4889 9852
3201 9133
2185 7175
3921 5087
1254 5015
1958 7351
4985 8339
945 8353
214 9743
1449 9642
1975 7338
737 9993
2739 9316
4051 5163
3409 6585
2383 6060
2085 9938
1645 5119
3853 7891
955 8035
4229 5987
795 5779
867 5609
2210 9595
2983 5697
24 7369
2459 6093
2015 9321
890 9846
3329 5876
2195 6510
1769 7744
3960 8733
1865 9982
486 5610
4916 9839
2326 8589
3069 5548
542 5809
1468 7936
1619 5868
1740 7370
4105 6414
4933 5210
1626 7984
2947 7281
1072 7991
13 8137
737 8044
1814 9802
877 9599
4379 9875
1986 9271
1249 5435
2812 8832
1456 6572
2849 9514
712 7605
3348 8232
2724 9427
4079 8572
1949 8158
4084 7361
2435 5670
4691 9579
2750 8691
2527 9514
4344 5601
4654 7278
4800 7426
765 7639
1047 8884
3862 7114
4956 9225
3983 8154
157 5087
3913 7757
2856 5567
1401 9983
1793 7655
2687 7357
294 6380
1708 8455
4859 5258
2190 5648
4123 8724
4166 6486
3442 9751
1614 8554
3680 9979
3304 6187
4096 6911
354 6528
2887 9811
127 8591
2247 5941
4531 5179
3265 5107
3881 6025
2643 7478
3062 5643
1124 9178
4176 8971
1596 5286
409 6293
4037 5697
4566 6889
2779 5626
1563 8301
3291 9374
3103 8093
3098 8455
4585 5184
2549 5974
3695 8476
2876 5200
2115 6993
3512 9642
2393 7599
1398 6635
1036 7652
2332 6512
3713 9054
2819 7817
1808 7399
3078 7823
2818 9126
1248 6012
393 5321
1540 6551
1033 9315
4767 6255
2189 8274
1593 8719
2500 9091
429 5008
4878 6265
4643 8512
3997 5818
1876 9501
4788 5158
432 5334
1137 7953
4798 9741
2390 6555
2241 8328
3808 6957
4342 8981
2898 7141
871 9453
1522 6923
4968 5711
706 7402
1595 5903
575 5531
2061 8236
1755 9321
3427 5818
2287 7404
4407 6764
1510 5980
1012 6429
3828 8816
4640 9441
878 8814
2050 7261
4782 6197
2534 8578
3476 8309
4265 7766
2174 8540
2520 9706
2125 6082
1774 6769
276 6009
2454 8786
3235 8820
4722 5266
2542 9523
3827 9502
1912 5780
72 6827
1257 6393
970 8976
1911 6952
4891 5483
4220 6170
1943 9994
38 8782
2181 7422
892 8544
4991 7886
4568 6493
92 8038
4401 6646
2175 8846
1403 7364
2520 8734
3599 6124
633 6848
571 9005
3847 6662
680 5072
1018 8903
2131 8182
148 6714
2240 7535
2509 6811
4026 5024
1925 7460
1657 8154
1662 5658
3035 9496
907 7919
2507 8026
404 8421
924 9516
407 6640
4241 6209
4684 5865
990 8839
85 5183
2122 5976
2538 6341
2925 6189
4604 6019
4787 6635
911 6060
3755 8032
4456 7954
2327 9914
4305 6786
2377 6673
3098 6137
3658 8195
1452 9643
1000 8451
4717 7626
4062 9636
4561 6718
1143 6308
1917 8137
1918 8619
3758 5857
4718 8910
4664 6827
186 5281
1913 8962
4590 6663
4832 5816
1132 7555
4893 7812
3256 8506
4628 6082
4493 9862
4132 5062
3850 6507
38 6473
4254 6829
3078 8734
2947 9349
2233 7003
668 6399
3187 8772
428 8223
3025 8936
1015 8895
3983 6408
1978 8626
3780 5478
454 9727
416 9697
4235 9413
757 8794
3156 5320
1043 7741
2866 5979
310 5352
327 6102
4200 7813
2588 8648
3762 7128
1134 5210
3669 8205
891 8877
1844 5060
1957 9891
1606 8062
4334 6142
598 8579
4786 9711
3924 8083
1515 9284
2755 9517
4938 5774
1134 9964
2876 5653
1827 9508
4019 9953
1809 9656
4204 6229
4931 8481
3156 7383
2835 9287
529 8598
2537 7666
4038 5104
440 8975
2195 5034
399 7198
1824 8629
2008 8127
2252 7954
4832 8821
2824 6425
2367 9766
1571 9879
1413 9022
1641 8207
1158 6514
1335 6928
4407 8122
2786 5075
4690 9671
625 8303
410 5595
1666 5492
3204 8274
1712 8699
1172 5798
4052 9212
3262 9916
3037 5141
1841 5640
1259 9344
2781 5138
168 6174
1775 6022
3280 7762
133 8501
3071 7532
2218 5275
4544 5205
838 7120
3294 9759
4317 8616
4875 8132
259 6270
3317 9205
2715 8786
1642 9180
3598 7847
2379 6874
2815 8395
631 8366
1774 8141
2598 9541
922 8807
3302 8518
3086 7168
1831 7820
3712 5146
4895 5456
3427 8202
865 9627
3082 6925
4244 6823
679 8801
4967 8054
1841 9546
2532 5082
1732 8422
941 6968
941 7280
1619 6251
3254 8153
1247 7693
2509 9710
3214 8256
937 5530
2741 9781
1697 9465
4015 6036
641 6453
2194 8588
416 5120
2195 7030
658 9082
3614 9346
2678 6810
4230 8018
4803 5405
3834 6467
4142 9154
4020 7019
1857 7046
860 6553
2733 6018
1124 8741
1739 6347
157 5248
4210 8374
3329 9558
427 7775
1004 9682
439 9917
1253 7269
587 6820
4625 6144
4273 6576
2221 7824
2205 5578
1492 6776
1282 9862
1874 7202
4137 9625
2474 7053
2809 6797
956 8912
2248 8816
924 7780
877 9231
2274 6755
1700 9608
4816 6032
2084 8012
4120 8425
4606 5411
1437 5144
4630 7677
2487 8411
3498 5301
2404 8606
3101 9791
223 5984
3600 8629
2520 7853
2193 7797
3199 7942
1196 6961
4900 5110
4336 5714
531 7207
760 7824
4886 7064
834 8331
2187 9782
2810 9633
2801 8068
3097 7134
1259 8603
3525 6077
1318 6312
1803 5708
3640 5975
1344 8327
4005 6503
3016 7722
1178 5279
1480 8808
3940 5824
4736 9191
3713 6601
3682 6977
4386 9590
503 5267
2273 8626
3772 5972
121 9635
1856 6403
1044 5070
1465 8127
1283 5454
4306 9744
1614 7835
4030 9830
1000 9014
649 6568
1788 8550
1381 8163
1618 6938
658 7104
172 5257
3505 5962
2688 7330
4646 6586
1346 7138
1405 6127
2180 7997
1753 8779
3836 5675
1428 6182
2725 7040
1033 9976
4566 5183
495 6913
4833 5726
1982 9099
3691 8691
4900 9566
988 7352
1109 7884
3217 6045
604 9054
3627 9945
2016 7902
4006 6916
3776 9105
2510 6779
3478 8502
3442 5861
4939 7586
3509 6651
1682 8610
1742 6497
3110 6057
3249 8848
3290 9495
4372 6238
103 8312
3237 7461
2610 8221
255 7443
342 6840
3065 8948
2127 5895
1546 5923
4790 7911
4433 7524
141 6434
4728 7925
1254 9567
3498 6749
4545 5812
4415 5161
2791 7596
4390 6507
490 9320
3789 5382
282 7612
1324 7220
4418 9064
1352 7688
2486 8720
2196 9124
4703 9983
1053 9982
1708 9923
2488 7134
2251 8119
1489 9490
4233 8974
332 6137
3054 5509
1258 9326
3784 5269
4627 6082
422 8628
3575 7244
873 6974
54 7150
4498 8306
1726 5874
600 8963
2516 5328
266 7405
4714 8221
1001 9090
2259 6300
3927 7661
4909 7456
3651 5397
2408 8203
1035 8331
1667 9862
4421 8064
3068 8784
303 6580
4270 8157
2349 8246
4870 9902
4925 8107
4589 7017
876 5462
2144 9274
754 5781
4208 5843
1861 6374
1716 9201
916 5647
870 7019
1120 8061
4211 6624
2330 7126
3942 7078
3398 9945
2909 9756
1695 6673
2944 5834
3470 8350
4637 9731
1133 7895
2486 7108
4049 8287
336 9569
5000 7302
1428 8338
985 5258
2088 8333
4913 5085
3073 6985
4851 8423
1110 8914
4803 8302
4665 9229
3779 6660
2192 9615
4727 7405
3662 7748
1077 9868
799 7553
3706 8377
4012 8262
2506 8269
2400 9469
4117 9526
2701 9862
3483 8383
625 8175
1452 7100
240 9249
680 5822
3518 9050
1810 6901
1341 6394
1290 5183
520 9589
1002 9017
572 9918
786 6614
3057 9915
2464 9857
4167 8783
35 6687
3359 8649
174 6868
418 7345
1983 9926
3803 7992
902 7997
619 9439
4224 7308
1085 5020
1154 8764
1868 9761
1709 8309
1093 7865
4208 6705
1376 6744
1027 6722
479 9775
560 9544
2689 9066
4984 6393
1021 9519
4535 8048
2523 5184
1430 9499
4679 6307
1056 8463
3531 6853
103 8317
474 5639
4915 6437
230 5003
635 6382
2652 8110
3189 8652
2559 5570
4810 6959
2697 6928
580 9053
1868 9189
3149 7689
936 9866
2330 8475
1126 9675
3459 5561
4377 9181
3816 8831
332 7676
3031 8817
802 8629
4800 5348
906 9386
2906 9570
2526 6206
4455 9648
2438 9913
769 7845
1973 9013
4491 9591
3104 6470
4089 7512
1141 5161
1008 7294
2084 9817
4850 6667
2490 9718
3436 7966
1958 6706
4271 9457
1033 6489
4836 6633
3501 7162
85 9018
4330 8625
3501 6884
1914 6948
1005 9995
290 5984
1230 5628
4342 8525
2147 8154
4169 5240
3912 5206
4687 9502
1602 8330
4294 8730
1510 8604
1303 9412
1440 6585
4587 8006
4771 7859
1816 7955
2865 6438
432 6363
3907 5460
211 7440
4342 9869
3159 7912
4525 5850
3805 7733
2271 6814
1885 5197
2758 8979
2976 9978
4948 9210
3808 7039
1621 5282
3610 6958
1978 7152
1599 8273
3635 9788
1984 6799
3285 9741
1542 8120
126 6379
725 9551
3986 9287
3083 5366
897 9776
700 5916
270 9463
2925 7315
1673 7292
160 5069
4746 7996
3024 8110
1904 5308
1495 5518
3099 5353
742 7928
4593 7941
3878 6258
2490 6339
175 5240
2484 6890
4410 5249
796 9332
3981 6675
685 8172
1448 7212
2373 9794
3442 9706
3613 5413
1377 7343
3550 5212
3391 7200
38 5829
3013 5759
2096 9127
3011 9968
3187 8743
1970 5592
4781 5676
807 9060
4834 8875
4014 9775
3132 5243
438 7367
2086 9700
3610 8889
4539 7690
140 5041
1503 8438
1742 7496
2452 5192
2846 8746
2143 7359
4306 9612
2578 9419
3784 5541
3921 5392
3365 6984
4328 9479
2671 6763
2453 7319
3240 5969
2254 7516
1658 7752
1184 5146
988 9228
1353 6226
4344 7274
622 5116
4286 5819
1083 8508
1275 8494
278 6428
2912 8363
2637 8466
1535 6507
4763 8409
2899 6533
2818 5126
4712 7122
1087 5407
1413 6118
926 5679
799 6322
3946 8050
145 8707
4072 9548
1555 9728
4740 7397
92 6976
2358 8766
184 6167
3474 6474
4951 8861
4478 5468
2902 5735
3456 8734
3051 7990
2909 9401
170 6041
1674 5936
160 5417
4500 7500
710 5157
3277 7334
1081 7264
2647 6726
735 5375
2809 8166
241 8245
4023 9562
4649 6170
3009 6262
4026 7533
4711 5223
4880 5149
1488 7113
3716 9034
1439 6377
1681 8864
1952 7737
4377 6867
2037 9084
3994 7130
2248 6908
2958 8695
3766 5705
3365 9888
2965 7387
1120 7156
1033 5159
4359 9627
4440 6651
1334 8389
1775 8608
1713 6212
1170 7387
3887 7111
4876 7132
4294 7425
1103 7603
2918 5812
516 7861
3396 6933
2692 7510
2574 9728
2430 9249
2549 7737
3845 7097
1465 6620
3831 9071
173 9584
934 7237
2460 9913
987 6157
3427 8734
2988 9779
1302 8579
4568 9508
1723 9803
2286 8434
3056 8309
417 7748
1724 6803
817 7735
3728 6691
2816 9315
1435 8127
1764 8899
98 5488
3085 7466
3299 5206
1735 9866
1169 8163
344 5953
4616 5345
4873 5840
812 5061
3680 8425
781 8535
3779 9886
2239 9704
2182 7547
743 6440
316 6430
3699 9225
2128 8292
4263 7605
137 8342
3315 6265
320 5050
4384 6322
2710 5619
4768 6858
4370 9500
3966 9776
4216 9589
1578 5168
3137 8155
4070 7500
247 8971
3421 5251
2773 9301
3832 8065
1986 5502
4715 6809
2087 5873
659 8708
2529 5713
1691 5118
1680 7778
2098 6951
4107 7321
1632 5684
3222 6467
1002 7996
222 9211
3731 6152
4591 9681
4768 8427
2367 8258
3254 7214
1300 9965
3730 6939
4977 7781
87 9926
3846 5969
9 9549
1004 7856
1069 9372
3569 8846
1013 8946
1492 6906
1347 7015
2535 7721
3233 7793
860 6676
900 5469
3958 9214
3520 6607
3467 7304
4818 5667
723 7736
3019 6667
4223 8925
1659 9372
4060 8109
949 8326
4326 9985
1334 7847
444 6693
3779 7154
3263 8107
3065 7099
4283 7567
4567 6212
449 8187
855 7109
2027 6085
3371 9575
3063 5221
2691 5004
2697 6389
671 9915
2037 7450
4635 8763
4432 5046
1441 6739
1982 9087
1251 5824
928 9184
4483 6675
1512 8470
4305 5336
4384 8679
1706 6573
2490 8596
3233 6489
4283 9162
655 5669
1548 8355
770 7332
4524 9469
4939 7784
3805 9607
4793 7355
2066 5421
180 7721
1645 8768
1764 9235
4544 5706
1145 6559
1212 9174
1130 5285
3744 5851
3542 8794
2907 6329
407 9623
1215 8710
3899 8263
1089 9559
51 7274
497 9551
4833 7609
2264 8106
1785 6373
1992 8667
1515 5823
174 5588
260 6157
2862 5319
1399 7126
873 7090
1005 9872
3651 5483
1786 8669
1418 9195
3929 9750
4430 8568
4036 8741
970 5646
371 8283
2100 7502
2769 7096
21 8079
3553 6800
4403 5111
1318 6612
2526 5406
3515 6029
3210 7842
690 6770
2916 5344
4052 9296
154 9704
303 5575
4080 8136
4756 8338
2145 6880
3554 7211
889 6488
994 9291
529 8604
502 5383
4254 5598
1827 9588
4444 8131
4125 9142
4329 5987
134 8053
3914 5603
3468 9110
629 7588
1529 9921
1502 6124
3330 9921
3573 7399
4125 6378
1589 7929
4329 5253
2745 5060
2278 7043
4901 7407
944 6503
4776 8044
4589 5578
77 5094
3497 8300
4285 5962
2381 6440
3907 8936
365 7709
4930 9112
3150 5704
4660 8396
4939 8715
4740 6032
2352 7054
2199 8954
375 7021
4848 7320
4061 8573
332 9547
2593 6233
3532 6225
1026 6848
608 6470
4978 6066
1224 5148
4314 5769
3562 9166
1422 6870
2686 5628
1910 7873
52 7636
51 7909
3623 6702
2239 9394
2470 9073
3198 9409
4728 8661
3109 8386
1788 7523
1640 8511
4183 5571
1774 5075
2563 5591
2360 7878
1841 6965
4527 6477
1765 9069
2047 9423
914 6875
4727 8497
2164 5329
3418 7095
2392 6262
3131 9933
506 7262
3312 9208
3497 9270
1799 6275
780 6824
4842 9405
166 8386
4565 6071
3938 7871
46 6976
2153 5721
517 7685
2712 8261
1208 8253
1520 7010
1454 5453
3331 6156
4987 6913
2550 5952
3955 7209
4186 9955
625 5946
142 8160
3145 7298
4663 6155
4190 6191
4348 5364
4912 8038
1730 6028
2376 9104
1481 8489
2702 5774
2859 7439
1888 7914
1682 5380
2030 5624
4012 9944
3752 5199
4022 7774
4223 8661
1834 9550
2654 7176
4064 6743
1865 8962
4789 5433
2638 9571
1362 6375
4177 7082
1308 6962
4316 5194
616 5246
4426 6708
4065 6226
663 8840
629 7614
4301 5048
3481 9935
3183 7552
4565 5714
3723 5135
1117 8851
3205 8388
4487 8868
3237 5830
4828 6131
2565 5198
3486 6539
1917 5342
548 9698
3798 9150
4899 5666
868 9632
2768 5814
4834 8768
2146 9201
4422 7775
4594 7802
181 7151
1723 9306
778 7666
2835 6380
3019 9343
3746 9344
2875 6409
4146 6223
2971 8992
2441 8981
2462 8772
4012 6361
2348 6088
3544 5414
2812 5382
1366 7909
3638 8775
127 5027
3664 8357
1247 9744
3994 5702
3454 8895
4256 7468
676 9090
4547 7130
1038 7894
3100 6472
2355 7426
4767 6377
254 7955
3907 5565
2685 9135
4977 6697
752 5197
1087 6961
1061 6075
342 7639
2718 5673
4704 5521
3717 7943
2962 8349
1364 5736
4239 8145
3032 9629
530 8556
1484 7841
28 8705
4551 6264
45 8875
1771 5504
4623 5628
2081 5119
3784 8426
3991 6787
4327 6357
2587 5829
3686 9756
3287 9251
2359 7189
3700 6806
2433 7696
2018 5073
4280 8453
1647 8261
3842 6757
2996 6277
1013 6060
2033 5171
4799 7891
1713 7114
3544 5130
4676 6463
1998 8605
3323 7678
2413 6004
3998 7435
42 6580
2468 9525
1269 6845
2835 8557
2218 9917
3175 9985
469 9007
4663 9651
1413 9229
2413 7631
3576 8460
4810 8502
4638 9731
1110 7724
754 7446
4178 7533
3286 5407
536 7783
3263 6899
3364 7674
367 9627
675 9012
4340 6884
3427 6834
4945 6363
1480 8468
3144 7293
1030 9969
436 7521
1363 6180
1736 7685
2247 9352
590 5988
3150 7536
1808 8651
4041 5982
2539 9120
1213 6928
1854 8910
4438 6645
863 7329
1835 6183
3605 9761
4723 8468
645 9830
4675 8592
1349 9720
1643 8984
2106 5300
2115 5622
3858 6487
1025 5132
1921 6319
4980 8368
513 7413
951 8126
528 7826
3741 6140
2731 6718
209 7718
3114 9998
4134 5498
3327 8338
2425 7002
1811 6730
1941 8257
3995 8757
3198 6923
477 8132
2572 8173
1431 6802
692 7707
778 8602
51 7884
2804 7980
3990 8707
2931 9383
2077 6643
4210 9624
1113 9591
2545 6750
797 7503
1032 6886
4501 6172
1448 5059
4778 6955
1022 9833
2742 7161
3226 7158
2846 6469
1276 8671
378 7861
3287 8501
149 8871
715 9153
3808 8687
4577 5282
4582 6934
4970 6001
2011 6178
1681 8641
1052 7108
4046 6572
4402 6450
1009 8595
591 8066
1497 8533
1261 7123
289 9198
4660 6549
1050 6688
4265 7431
3351 9546
2401 8966
4029 6134
2384 8001
1000 9330
3445 9335
1457 6744
767 8964
1033 8956
993 8493
140 9574
333 9448
4745 6150
4436 7502
593 5558
3762 5110
613 8066
2674 9822
526 6994
3797 6401
2047 9337
206 8194
795 6481
4430 7324
2949 6163
4392 7970
3498 7024
891 9013
2085 5524
1549 8937
473 6752
1858 7462
3874 7468
4256 5943
3770 9750
65 5946
3628 9098
1560 5484
3543 8214
3818 6305
1422 8283
315 8548
4521 6706
4694 9083
2861 7505
3944 5873
4550 9173
4751 8825
365 6110
3343 8933
2682 7957
1260 7533
3392 5843
4784 5338
1626 5754
781 6971
3168 9420
2018 9678
2533 8622
3941 5798
1262 6572
4571 5771
3207 8740
4561 8689
325 6257
896 7619
4975 7186
1548 8357
1359 9024
3121 7680
4315 5272
64 5488
4769 9772
3083 6430
1546 9338
3982 9211
813 7649
517 7953
4276 9986
1682 7719
1219 7629
4595 9480
2660 7959
2690 8135
2969 9157
1 9595
1562 7348
2175 5216
2471 7988
395 9835
2199 7980
2436 9963
3142 9560
2729 7384
2899 6647
1861 5158
2947 9124
1699 6575
3449 9233
2777 7365
1698 7856
2813 7902
792 9544
4741 6023
835 8537
2567 9956
3217 8773
4685 5927
466 7734
635 8313
1736 9853
4386 8314
2501 6261
3782 7756
3028 5135
2281 9914
1737 9689
2545 9779
1874 8738
3060 8184
4473 7494
1683 7904
710 7593
2170 5539
763 7356
4516 6592
2315 5837
1136 5433
4003 6410
319 9467
3146 8361
2077 6742
4803 6817
2111 5282
2094 8174
4865 5737
3026 8709
1122 6234
2658 8968
838 7116
4836 8927
104 5365
2833 8576
68 6623
2827 9840
4100 8717
1272 7906
3868 8561
2472 7007
2804 9677
1333 9815
1677 6649
3975 5477
384 6107
3375 7149
639 7719
168 5311
133 5701
4390 5304
1889 7349
3869 5451
1311 6410
3999 6303
4705 8660
4915 5395
2518 9821
3580 9438
1185 7851
4353 9057
4855 7893
3116 6944
3408 8156
1316 6668
3251 5021
3834 8155
3318 7054
1640 7837
2924 6363
4079 5337
1289 5127
1338 8711
3903 9866
4577 6261
4089 7384
110 9789
4799 7491
3408 9774
387 5570
4391 7643
3701 5523
1104 8758
3354 9124
1081 8327
550 9644
4349 9499
574 8635
3857 5491
2189 7297
3670 6613
252 7076
2553 9020
3036 5609
4686 7478
3863 9115
3305 8752
1670 7881
1171 8008
1650 6505
99 6766
1757 6848
2608 9736
1367 7238
694 9689
2416 8350
1966 9577
844 8254
1378 8789
3477 9122
3128 8683
4419 8649
3315 5301
684 8809
4610 6522
1551 6571
1175 6708
1963 6804
3210 6183
2662 6050
2091 8403
117 8961
3433 6921
4156 5506
98 6676
2168 7987
2900 7144
2309 8818
4876 9246
4707 5346
1911 8381
4996 6226
3307 9954
4489 5791
4802 8307
2090 7737
1003 7160
1011 8351
2414 7791
2881 6045
4538 9045
2094 9973
4711 9106
3733 5979
81 6344
2548 6203
3297 6151
4003 7899
3498 9444
3486 7409
2915 5845
1541 9643
3258 9045
2227 9613
263 7731
3853 9016
435 5528
428 9974
870 6508
2785 6299
251 8147
2177 7038
46 8935
3347 5771
4910 6398
2101 6968
1533 8359
3293 6073
2684 5158
2936 8058
283 8649
1797 8380
2336 6016
4703 6871
2978 6806
2276 5284
1416 6019
3677 7132
2910 6548
4821 8256
4102 6158
3740 9900
2748 5557
394 7691
40 5496
3054 9285
4098 8636
4399 8456
1819 5805
4724 6910
3116 9403
2682 7749
4168 7094
3494 5668
2866 9130
2273 5710
4423 7878
1982 8741
2215 5448
1048 8798
646 9532
2497 5969
4726 8707
1338 5512
529 6626
1378 6716
2497 8807
2283 6007
1116 8826
4619 5870
913 5639
2141 9772
788 6538
3663 7886
269 5424
2387 6820
3927 7561
646 9750
3874 8508
2730 8705
4163 9871
4932 5349
4003 5919
3949 9082
4301 5030
2540 5967
2541 9634
4383 9231
4936 6898
832 5382
4335 5953
4274 8269
741 9556
2962 9697
3119 5655
4070 7354
2467 7191
3693 5410
4359 6125
4940 7992
630 6630
2435 5507
223 6180
259 7275
3788 6792
1604 9831
3651 8860
2223 9441
4735 5032
4154 5710
1889 7686
1002 5729
3668 7418
271 6195
1637 8830
751 7093
4081 8777
3991 8938
3174 7159
1109 8494
1022 6324
2513 7799
1913 6490
2515 5799
972 5209
1656 8877
1769 9551
3245 8184
1625 7347
1121 9384
1898 9181
930 8996
2962 9612
160 6019
4290 8922
1353 7189
2816 6232
2832 9910
3714 5477
1228 6111
4090 5460
2763 9742
4317 7529
3667 6740
4559 6741
149 7852
3117 8258
2100 6073
4566 6164
2843 9633
977 6135
705 7705
3065 6795
1085 9195
4064 6025
2294 8857
962 7073
4884 6447
2840 7873
1823 6534
2493 7872
818 9609
4481 9420
1908 7581
4721 5358
252 9026
4304 6071
3068 8756
2612 5786
4588 9624
503 6677
4452 9988
1819 8627
245 6815
1734 9600
2697 9842
1931 9946
1477 7331
3942 9225
1247 9197
4043 9055
2700 8358
707 5796
755 7496
1234 7877
3880 8010
277 9017
4100 7605
225 6268
3119 5434
4323 9378
1741 6009
2524 8678
3526 7284
3327 9695
3730 8565
1063 5129
3077 7518
1189 9672
3113 9563
4332 5751
625 5678
4476 8067
4088 7508
3171 6095
4169 7174
2332 9586
1469 8327
202 5241
972 9095
4712 5433
3078 7178
2874 8836
1658 7225
1924 5915
353 6306
754 7279
4019 8579
2062 5179
537 7024
2419 5266
1438 7196
2957 7836
1168 5317
4381 6340
1767 5209
1698 9354
2083 6021
4174 6209
4007 8533
4552 8999
1720 9038
2154 8295
2319 7244
4151 5114
2045 6875
4340 8541
1569 9765
1624 5235
4518 6657
2153 7247
3439 5145
126 5848
3440 9104
3050 8974
4900 5691
2257 6204
2990 8123
1567 6623
965 5518
44 7923
4310 7844
1387 8498
4289 5239
159 7860
3993 6817
2816 7814
3209 6239
4439 6692
919 7847
168 5943
1167 6526
4697 8953
865 5460
386 6010
2319 6418
4122 5697
2977 8329
114 8960
289 9426
4741 8311
2005 8537
1348 6102
4897 9493
846 9316
2060 7283
2196 5130
256 5015
2689 8536
4870 9479
3956 8697
4140 6476
313 7069
1446 7128
904 9381
2601 8812
3570 8656
4954 8810
795 5113
3118 8427
3106 9466
352 5354
1584 5860
4697 5382
854 7327
4407 5991
4891 5964
255 6133
481 5774
993 9170
2869 5199
3292 8633
1815 9255
1292 9054
849 7368
3156 9367
86 7083
4682 8253
1451 8495
2242 8411
1309 9465
4802 9467
2694 7935
4357 7338
1677 6505
4552 7534
3834 7190
3593 6465
1428 8078
3969 8929
2767 6914
1318 8998
4394 6115
4569 9534
3833 9997
3036 6546
3877 5499
4866 9405
1074 9656
607 8720
8 5621
2750 6447
1716 7128
2675 5086
4024 8705
3811 5351
394 6937
4959 5906
2048 7995
1802 7400
3551 5363
3040 9618
2631 9821
2706 9260
3111 6474
1615 6037
970 7705
2983 5661
628 8808
3890 7771
2555 9256
2531 5654
3577 6338
3731 5059
2867 7048
2305 8725
3753 6641
3029 6895
4464 5003
2533 7553
163 5257
4117 5886
1054 7138
4824 5062
1631 9097
4435 7268
4878 5492
1131 5927
342 9193
2714 6753
105 6046
61 7517
3749 5477
1573 6065
1081 9269
3798 9335
4639 9510
1497 7244
4343 7937
1259 9688
464 6306
2819 5597
1852 9034
3696 9940
4483 8534
924 8525
4095 6412
4142 9976
763 9400
2750 6977
1304 9761
4122 8364
1039 5759
4928 7468
4389 5070
546 9587
1225 9995
3356 8837
2201 7641
3786 8539
135 7930
4114 6815
2432 5571
42 9669
2191 8108
4402 5841
1371 5328
1082 6406
2305 7543
1777 5306
1522 5517
4117 5815
2913 7282
2495 8163
726 7494
1118 6231
2659 7004
3590 5652
4436 5434
4294 5583
2698 9505
4378 5357
4242 7028
3201 8223
603 9711
2385 9713
672 6600
2819 5289
249 5936
2043 6783
900 7041
41 9465
1174 5568
1053 6062
2807 9676
127 6295
4009 5504
4358 8517
238 6652
4892 8745
3246 7242
4646 5801
1720 9196
1002 8794
1031 6748
4338 6973
903 5868
2841 5907
3021 8894
451 5347
2633 5743
4505 9726
4585 8851
3844 5611
2735 6481
1745 9460
1110 6385
4863 9185
4720 7983
4678 5265
3668 6886
1142 9643
1129 5108
1453 7126
60 8723
1666 7141
4143 9704
4208 9203
813 6508
364 9740
4574 6085
1637 9597
2299 7710
2013 7743
2801 6922
2379 6638
104 5740
4262 6666
3094 6963
4844 7069
640 9078
1785 8970
4748 5202
2406 7527
1841 6531
3385 6645
951 9053
4922 7358
4038 7543
942 6730
111 9692
1257 8811
4702 7595
1592 6472
725 5795
3991 9130
1548 9296
1104 5699
191 6046
4248 5858
2088 8956
2506 7854
2210 5813
3824 7985
2321 5578
3866 6373
3930 6593
2864 7727
3565 7097
3184 9534
3367 9709
3987 6873
1210 8191
4827 5806
4614 6990
2501 5060
909 6939
386 7053
3864 9683
1541 6047
4402 7778
1984 6312
4260 8251
3422 8659
1768 8712
1162 6697
3958 7277
1091 5958
3667 7337
4019 6265
3182 6086
4621 5070
472 8622
911 5782
1241 9903
2755 8585
1601 6504
1081 7424
2533 9165
4009 5761
4005 5607
4813 7355
413 9389
4496 6267
3869 6883
3575 9753
2128 7186
329 7976
1051 6026
2759 6296
1619 6951
838 6139
1801 6001
4945 7492
1993 7632
690 5937
644 9529
2041 9557
4380 7613
2233 5262
1504 5873
764 5073
1611 6184
3961 7512
4084 9510
3176 9032
2432 6549
2603 8114
3608 6330
1961 9465
584 6815
1310 8243
2544 5259
2779 7213
3038 7675
3896 9570
258 5603
4525 6232
2664 6415
3131 7035
3645 7264
2011 8525
1078 5109
4248 5885
3098 6495
2603 8303
4002 5854
2806 7870
3558 9861
1706 9999
3160 9186
3237 6723
2352 5820
4367 7323
1051 8440
2270 8386
1469 9996
4330 8916
3572 6264
1796 5113
1425 7293
3409 6739
2666 8843
4811 8144
2075 5805
3368 5989
1172 9926
1604 6467
936 5275
695 7098
201 5541
1349 8717
214 6309
4388 9682
872 8081
4913 8370
3271 8004
667 5293
4249 6579
4424 7724
4024 9532
3751 9011
570 6856
2754 5345
4742 8196
524 7253
5 8443
3713 8882
3080 6481
1462 8798
1957 7810
2684 8368
269 6183
2239 9655
654 7292
2452 9923
3575 8847
1256 7979
1851 5867
1201 8908
2215 8332
1805 6033
2108 9070
3353 9939
2907 8129
3458 5049
2704 6148
2737 9485
1144 9410
254 6744
1936 7017
1147 5422
998 7311
4207 8809
440 6353
2931 8231
2088 9236
1305 6411
672 9428
3565 8622
3437 6852
2737 7012
4673 7884
591 7428
2303 6090
2895 5389
1930 6688
3104 6465
2733 8002
1087 8146
1280 7753
3722 7174
3349 8437
2794 9207
3111 8097
4757 9683
27 6858
1108 9162
2150 7766
3446 5583
2691 6513
1531 8777
2000 5092
4607 5059
2209 6668
3836 7835
3276 9068
906 6486
3955 6327
1567 9590
2642 9986
1755 5829
4721 6091
1001 9761
308 8767
1382 5130
4600 5186
834 8739
3074 5543
1452 5961
711 8145
1002 7621
1368 6576
480 9568
4252 8255
311 5376
558 5128
3334 7187
3763 6240
1353 5300
2562 5585
2221 6735
4902 8343
240 8324
2858 6889
3021 8175
19 6909
1382 6861
2979 6898
1618 7277
2453 7035
2592 7972
878 6245
1424 8853
4667 8886
97 8626
1836 6868
1209 7380
1350 9341
957 7721
653 5051
598 8617
963 8983
4950 5426
119 8093
635 9250
3311 9246
3299 9588
4745 6728
1126 8138
472 6360
3079 6953
1008 9539
3653 6442
1929 5360
746 6295
656 9375
3299 5848
2414 6360
1557 5824
2915 8024
1203 9612
1106 7894
3457 5035
1662 8968
691 6643
3085 6722
1741 7072
3467 9726
3369 7337
851 6215
4721 5763
1428 8689
724 9385
1974 5542
3123 8129
2762 9249
3629 9311
344 7457
4741 5855
107 6427
1521 8108
2916 8853
2094 6502
4145 5104
463 6953
4732 6633
139 7788
3663 5635
3005 9003
2344 6262
1655 7135
1695 5577
3509 8414
1174 8909
4052 6235
1151 6104
2581 9200
1779 8086
4107 6735
1476 6387
672 9361
2939 7144
914 6254
3142 8953
4478 8901
4379 9825
1116 9715
1206 8082
2043 7987
521 8049
3209 5471
3911 5890
1363 5784
2579 5639
1119 6474
2826 7752
1003 5976
3867 7729
2277 9715
41 8273
1845 8262
4947 8787
1273 8339
2939 6013
4092 9006
4618 6930
2431 8742
1933 5866
3136 5619
2266 8249
717 5227
3206 8546
1248 7366
410 7097
4114 6365
3966 5369
3967 9015
4827 9783
3810 8694
3727 5113
4952 6409
3251 9325
4534 6701
1128 7418
2862 9528
3634 7382
4786 5819
4556 5935
1522 7334
4657 5928
3570 5581
2338 8081
449 8778
3387 5619
161 6430
3033 6546
138 9119
1131 5934
1211 6681
3523 8094
858 7282
4155 8291
4180 9286
2319 7749
626 5827
4468 8685
1418 7909
974 6201
1249 9506
4859 6631
1998 9755
4607 9633
3200 6897
3925 7272
1079 8007
4418 9107
1871 9968
1651 8500
4644 7086
2035 5210
4853 7927
4558 9432
2103 8400
297 9809
3489 9230
71 7845
3257 5761
3326 9873
1004 7741
678 9379
5000 5537
3110 6285
2781 9578
263 8686
2994 9744
3008 6464
1860 8613
258 7437
2709 8223
1958 6554
4821 5633
1459 7703
3550 9383
1333 7639
3661 7524
4210 7589
4678 7898
4029 8279
1655 9312
4235 6332
3152 6539
211 7573
2760 7474
323 5442
9 7249
3606 9424
3819 6459
2461 9733
4388 5317
4730 7851
2139 6747
4814 7285
3166 7017
2658 8969
1655 9736
4189 8423
4056 5497
4388 7716
2495 8567
2431 7081
2126 9368
4812 5706
4976 8082
4233 9496
3420 9000
2020 6927
1001 6640
2120 6224
579 9791
1425 8362
4331 5750
1397 8059
2603 5720
3496 8934
1838 8762
2773 7578
1154 9036
464 8291
2685 7873
652 9201
266 5168
4811 9366
1828 8608
2639 8049
3775 5288
4787 7752
2260 6343
4874 6932
764 7180
2445 7556
3896 7579
249 9299
406 9335
583 9796
1262 6408
1213 7999
819 7708
4892 6832
4162 7828
4678 6389
4018 9540
4282 8115
4944 8942
4278 5684
2499 9529
392 7119
4370 7592
3778 6374
3038 6877
2176 8862
4513 8471
1655 8712
1383 9038
1979 9735
232 6461
239 7979
3869 6259
3871 9656
3114 8903
1991 5019
934 6454
1008 5632
3620 7521
750 6369
3481 8113
487 6726
4962 8195
1645 6029
987 6386
504 7913
2096 7602
1390 7036
1945 8407
3130 8847
374 6995
3979 9853
4613 5395
3227 7220
1839 8154
2407 6744
2602 5338
3714 8918
1558 8434
149 5447
979 6029
1852 8793
1380 7347
1126 7925
3420 9762
3450 5444
4567 7273
628 8588
3947 6609
360 8784
2245 7598
1963 5212
3098 8486
2144 9513
2937 6219
3138 5191
3288 8091
3739 6843
3196 9383
2997 5167
2810 8183
1081 8856
3818 7723
3196 5580
1576 7721
97 9464
1654 8548
1800 6994
1678 5092
3097 5448
3955 5425
2731 7584
2749 6791
2738 8171
1660 9606
2167 6147
319 5196
4758 8336
4420 7939
2470 6803
4878 5940
646 5111
4744 7831
691 7476
1619 9493
4751 8633
4473 8947
2256 8183
2761 9731
1524 9004
190 7597
4433 7649
2054 9053
2435 6072
634 5508
1402 5311
2246 5051
85 7798
2589 9086
3929 7039
1608 7854
4006 8296
2437 9865
2857 8608
2876 5770
3526 8398
4341 9766
4437 8542
1018 9102
1200 5092
1697 9473
434 7253
141 8466
4159 9621
3499 8164
2712 6298
1990 9102
3662 8773
3796 5405
1100 8878
2947 8645
2852 6387
2773 7614
3742 5973
4417 5328
3205 6423
2421 7866
2913 7068
3079 7287
2680 6087
4960 6196
4187 5949
591 9963
1308 9518
4411 7975
4204 7976
2967 9041
2167 5617
2439 7369
1215 6495
2283 5131
71 6372
2621 9993
1938 5868
2323 5336
3883 7728
3744 7435
601 7033
4745 5451
3378 9796
2090 5154
84 8822
708 6096
2352 7398
1347 7687
3263 8302
1851 7664
3470 6036
512 8770
3206 9954
169 7587
3879 8786
4614 5456
837 7528
46 7670
4487 7568
4500 7777
1495 8680
2434 5031
364 8428
1119 5845
1517 9769
2234 8393
7 9003
3129 9589
2225 7756
273 5008
2703 6551
3622 7647
4155 9119
272 9708
3250 7960
3289 8614
2560 9123
3354 7961
4693 7314
1389 7459
3231 9218
4744 5808
2649 5373
651 9645
3902 5353
4814 8207
3899 5246
4487 9435
2426 5624
2146 9075
4771 5452
4012 7506
671 6011
2879 6039
2213 9356
4856 6333
3982 6284
705 7909
478 9549
4647 6083
1550 8070
1313 9572
485 6531
3952 9979
283 7530
3550 9439
4344 5938
2816 7891
3366 7327
4091 8855
3476 8218
2574 5456
975 5851
1835 7817
2859 6114
3691 6645
234 5380
1885 9985
2789 5655
3006 9997
3027 9709
1782 5245
992 6928
4316 7619
3471 8521
2888 5951
4172 8535
315 5343
1000 9388
395 7088
1201 5943
2325 9943
3935 5051
1331 6113
4255 5599
3039 7242
2447 7307
4818 6475
1536 6204
2274 7950
1705 8146
2420 6230
3910 6627
1993 6618
3842 8400
1541 5064
4550 7169
872 7814
3601 5996
2553 7218
3972 9870
488 5995
4473 7709
1898 9467
2577 5594
1388 6648
4005 9237
810 5194
431 8586
4746 6302
1923 7649
3090 5660
2370 7006
2917 7737
4186 9659
4724 6787
3690 6634
4755 5777
44 8137
1027 5396
1867 7404
1276 6177
1952 7111
897 6569
591 9989
478 9624
667 6560
2742 8197
2922 9279
339 7517
1702 9796
3716 6640
1429 5660
1603 8625
3896 7851
4704 5763
1275 5570
2538 6866
1335 9268
1823 6331
3692 6216
2321 7121
3997 8743
4459 8334
4856 7559
2670 6096
3382 6204
3785 7689
3045 7187
4430 5919
2577 9097
3940 7766
2780 6263
1230 6565
4343 8466
413 8485
1732 8371
1349 8528
4994 8460
688 7536
721 5963
3098 6932
4756 8351
1882 5286
3039 6932
2557 6959
3756 8613
3867 7601
4751 5139
184 7792
2808 5562
4340 8509
1763 6623
215 8028
2358 6872
1998 9284
3332 7434
1952 7001
456 8369
1715 5004
4787 5137
1817 7142
4367 6574
1034 6699
1825 7459
4078 6463
4855 8569
4272 8937
4762 8299
4808 6155
3844 6126
1716 6564
4329 7131
1028 5254
885 6321
53 9447
559 9608
4911 6030
778 5209
1915 6957
2713 9808
1446 5839
408 5538
4454 8247
481 8949
2666 6212
4140 7086
2579 8413
613 6031
1961 7200
578 6914
511 9245
129 6975
4356 8757
1945 5343
226 8047
1762 7062
1508 9338
3837 8644
4677 5891
3812 7083
1348 6724
3560 9725
3387 5589
1033 9370
3113 6484
2871 9750
2470 9385
117 7858
2865 5278
3910 8579
3609 9695
3715 6289
2746 6203
29 8284
4601 5801
79 5778
3707 9629
2409 6716
249 6332
1477 6411
936 9935
1354 8635
3430 5305
725 8119
3862 5120
3297 6411
4760 5911
1420 5831
2460 6777
4120 9939
3831 8280
3667 9509
630 6241
855 9748
1877 9874
1333 9982
4912 8866
624 8041
3353 9836
399 5019
3197 7736
931 6942
3847 7078
3272 8450
588 9140
2778 8251
618 9920
2260 8200
4675 5649
1349 8430
4289 8135
1207 9811
909 8423
3952 5427
995 6437
1649 8500
2257 6286
2941 5077
2946 8332
2147 6560
874 9092
2144 9049
4025 5584
1037 5563
1441 9603
415 9176
4680 9130
2103 7584
323 6793
2969 9038
4504 8756
2691 5054
3184 6045
426 7887
4785 5317
277 9062
985 8809
4459 8235
3060 7366
1353 6521
3003 8063
196 6018
4405 9949
4995 7612
376 7643
2467 9656
4503 7899
4883 6322
375 9984
58 6099
1135 6224
4175 6294
1654 5373
4912 7899
54 8552
3371 8285
3094 5037
698 9570
1953 9567
1306 6541
4526 6883
78 6625
1819 5701
2555 8566
4621 9466
4163 5281
6 5094
1047 8791
3540 8540
413 6069
1079 7642
1550 5227
3069 6385
1328 5383
4874 8219
2259 7837
1523 9259
4892 7390
3329 8925
3488 9412
2597 6828
587 6142
3942 7378
843 8948
1254 8167
1543 7383
443 5149
3565 7110
170 8328
3804 8131
2469 5625
1217 9106
3666 8958
2927 7903
3035 8304
2053 8530
771 9146
1180 5614
1085 5715
1596 8837
547 9393
784 6100
4008 5441
4242 6397
4497 8606
617 9513
4102 8420
1964 7070
23 7912
2768 9599
2829 8064
175 7629
1877 8267
675 9288
283 5928
3007 6870
405 9181
1273 9689
180 7731
2470 9221
467 5345
4684 5271
1596 5891
2198 5876
2628 5842
4052 8168
1622 6660
26 8993
4863 8966
2395 5340
4302 7291
1404 8190
4528 8879
1583 8800
3244 6001
2897 6849
150 9595
419 5222
1738 5379
4385 6077
2122 6260
4045 8888
1888 5250
4660 5515
1782 6559
579 7195
368 9663
3682 7367
1766 6063
4704 6896
568 6336
2914 8335
4162 6415
2898 7670
2260 7886
3900 5010
2831 7182
2891 7272
1706 9781
105 5423
4064 8617
3480 6002
2487 6451
2324 8722
2588 7796
362 7476
1953 6303
3469 8282
429 7558
2394 6181
4612 6481
4028 6263
317 7935
1649 5405
4623 7210
278 6230
805 7290
4742 9954
1654 5487
403 5549
3118 7389
2153 9710
4262 5649
576 7216
3906 8158
780 6000
4154 7523
812 9758
63 5508
4184 9387
1633 8134
3665 7469
1210 9646
36 9545
2467 9093
1688 8710
4976 9220
3572 6312
3 6698
2026 7338
110 6424
1720 7232
1997 5969
1469 6244
4861 8997
229 7064
4724 6454
1359 8712
599 5745
4099 9465
2699 7701
1853 8533
478 9008
256 9604
3687 6956
2528 5049
1577 8801
1279 6263
505 7501
3362 6969
2254 8387
1058 6419
2483 5141
7 5968
4129 7515
4175 8052
2767 7779
2208 8660
2057 6544
1400 6782
607 7997
339 8747
3324 6055
119 7501
1393 6889
2927 6743
3003 9517
4510 5224
2679 5475
2866 5531
1736 8245
3765 6375
2575 9491
104 8619
3897 7828
452 9351
853 9091
2489 7414
4860 6842
655 9931
949 8334
4646 9219
910 9220
2465 7625
2354 7745
2146 9741
3888 5599
3222 5930
881 5669
1493 9851
2490 6224
2757 8973
2562 7804
2137 7943
4471 8634
4527 7664
2806 8714
3913 9396
94 8656
2523 8369
4866 9957
1544 5945
2140 6754
101 6285
1151 6177
445 8165
1006 5526
925 8236
2984 9682
3069 8936
4129 5596
4636 9253
3188 7748
4655 7580
1185 8711
1542 6774
4675 5875
521 6587
3318 5256
1341 8032
3578 8106
693 8148
2686 5184
2117 6729
4512 9210
4165 6708
3546 5482
1293 7346
1609 7705
2414 7544
2134 9769
2139 7533
3124 5271
1747 8953
2757 6378
1755 8199
4918 7464
1213 8193
2741 9094
2378 8618
1668 8451
651 9398
307 9229
2113 6460
2977 9932
3742 8726
4429 9633
4883 5427
2893 9015
1445 7273
3002 5741
3586 8365
1114 8450
2332 9323
97 7234
1764 5037
2538 7465
629 7419
2435 5654
4225 7146
170 9689
4386 8472
4437 5313
205 6626
4217 9122
4792 9217
4801 5486
1242 8033
228 5369
2829 5433
204 7625
2002 6874
2973 5561
4995 9082
3967 8340
1034 5471
3634 8916
2688 9281
3755 9221
2900 9960
2994 6750
2048 5014
3133 7180
3057 8556
4909 7495
14 5865
4108 6279
2390 6115
1597 5501
4250 6842
4226 5921
1815 8894
1966 6850
2460 7794
748 5147
1683 9803
112 5311
1778 5908
4503 5087
4305 7868
1432 6461
900 9375
2451 7547
403 7610
2940 8508
951 7073
3836 7005
961 9417
3658 7377
1405 9607
3514 7467
736 8814
2341 7397
826 8967
40 7981
2850 8989
3897 8252
2781 5773
2488 5926
4192 7897
3374 8847
1546 7992
517 8921
3096 5447
235 9484
2393 9856
1339 7621
2240 9036
1648 8507
984 6965
3769 9384
2471 8595
2373 6523
137 9697
4938 9747
3324 5778
2340 7294
2366 8108
3604 6030
854 8965
212 6912
2135 7145
2691 8531
4545 9140
1221 9766
4749 6353
660 7926
292 8059
3693 7187
4639 6133
3313 8541
1829 9824
3588 5781
715 6326
4077 7233
1543 7035
115 8872
3650 6047
4009 5101
2521 9656
4251 7116
109 7692
201 8289
2909 6391
4641 8033
2408 7272
165 8043
299 9430
983 7178
4909 7234
2593 9676
4590 5056
585 6922
1976 8882
3570 7045
4114 5939
26 5132
4531 5336
1083 5500
3751 7864
3802 7668
217 7754
1621 7029
3428 7977
4962 9874
3837 8767
3098 9255
273 9345
1436 7130
4535 5935
591 9880
3349 5232
1085 6776
1090 6415
3809 7176
2328 8419
693 7423
2013 8882
1968 7425
3163 7927
2024 8984
542 8443
1383 6513
1573 7349
2712 9059
1717 5902
1497 9913
771 5635
812 9507
955 8228
4311 6910
1423 5083
3088 7012
4910 7922
3081 7891
4036 7528
2457 5565
1540 5694
1002 9696
2798 6089
1033 6758
4867 5115
4517 5643
4649 7733
2426 5438
891 7166
447 5096
2055 5259
3836 7780
3191 6433
2371 8171
74 9763
4566 9413
2437 5459
1027 5714
277 9006
1607 6180
4577 6333
3219 5076
114 5460
1401 5902
1402 6167
3515 7039
483 9237
719 7885
90 7049
2 5849
348 6891
2745 6421
4053 5152
1938 7259
2872 8099
2896 6751
3836 5568
4479 9851
3853 9400
2708 8365
1472 6820
4980 9069
2075 6474
3916 8559
956 6997
1521 7751
3956 8422
4355 5634
2280 9173
4392 8497
3504 6309
1560 8704
2658 7440
1250 8514
586 8769
4834 6170
3846 6130
48 8055
224 7662
921 8299
2221 5140
4212 8820
1683 8784
3481 5149
2350 5536
24 7263
1562 7702
2736 5377
4266 7579
3236 6015
1005 8382
2132 9032
4214 6903
3839 8927
4401 5480
427 9161
2903 5372
3785 6925
4806 8204
196 6895
2125 6028
3452 7672
4353 8174
1302 5741
3416 9355
3993 8679
1424 6193
492 7369
3737 5208
1260 6840
3788 8317
2813 8801
625 9304
838 6730
3525 8142
3550 9600
1088 6294
792 5449
4912 8275
3980 5978
1129 6685
1424 8713
4354 8730
4823 7467
14 6705
2653 7350
4209 8931
3455 6830
3346 6747
3390 8351
2192 8437
3731 7846
3662 5541
1584 9570
2856 5279
4051 8133
1899 7665
1814 8728
2079 5164
1591 5822
50 8852
3654 8008
167 8200
996 7274
4522 6873
1341 9830
4167 5333
4956 6710
691 9279
3250 5838
4266 6004
555 8330
2417 6319
186 8388
743 5569
749 7705
1934 9320
1449 7253
4591 7464
2532 5971
438 8029
4467 7798
202 5318
2475 5796
4948 9923
3694 5310
4351 5550
2 8508
3665 7654
3434 8594
1657 5684
2483 6084
4452 9587
885 9923
4080 5459
1404 9282
3717 6962
1867 9392
603 6062
2711 5007
2645 8534
2738 7048
701 7802
2656 5737
3785 8312
1174 6933
2534 7823
2315 9845
3218 7713
4260 6142
291 8018
139 6236
1653 9638
2691 6187
2439 9893
948 5350
4086 9044
4126 9181
3608 5661
446 8920
1611 5741
216 9331
746 9838
4866 5972
4690 6974
4131 6166
817 5028
2921 7748
69 7985
3097 9588
818 5987
1154 9483
524 5468
1746 5632
927 8100
3399 7638
727 8810
2714 5128
1178 6553
251 5590
1311 8996
4486 5907
1714 5756
2503 7999
2774 8778
2822 6749
2791 5805
4685 6764
426 7574
2076 8358
530 9055
4077 5538
356 5925
1155 7431
4916 9607
216 8009
349 5947
63 5918
1645 9764
4543 8368
1411 9693
2067 9648
1471 5377
311 8545
4639 8381
3621 8780
2061 6635
4031 9530
3941 6904
429 9419
3730 8830
3476 7960
3094 6431
1010 5425
1571 9321
2937 9569
1775 9400
971 6505
689 6606
3412 8747
3585 5304
4019 7070
3688 6679
3210 9402
598 7278
151 7273
3686 9154
2808 5156
1946 9543
1063 5334
497 9320
2979 6384
1162 7184
4704 5204
233 7691
1498 9591
3289 8200
1170 6240
4735 6242
2567 5577
372 6154
2690 6016
770 6927
4610 6946
1482 9638
1230 9782
2879 5336
1771 6208
4620 9452
4971 9204
3630 8078
2946 7835
488 8456
3951 5457
2201 6985
1705 7065
2860 9503
3714 9844
4250 6955
2433 6335
3457 5698
2301 8513
4123 6080
3066 7481
4005 6035
1259 7653
1121 6116
2013 9972
2368 7224
301 5668
740 8037
3070 6128
2660 6578
3275 5893
2803 8558
1609 5659
3742 8196
4593 7036
163 8023
4702 5311
3679 6891
3245 5743
1015 8410
3069 9153
507 7262
1138 9093
2424 7343
1651 5690
972 7307
4998 9611
4969 9401
3092 6451
2418 5510
2364 7784
2463 5319
4149 9611
3430 9589
2569 9262
573 7374
500 9208
1438 5489
2511 5605
3432 7482
4390 6209
2921 9752
3532 8310
771 6767
225 7723
1094 5437
3298 6346
567 9638
4329 8034
597 6295
1170 9010
3689 6747
2273 5614
693 9549
3661 6164
1752 7883
2184 6336
22 9212
2818 9192
3601 7802
1115 6811
4906 7963
90 8911
4797 6647
3546 5733
4145 7206
782 8542
3741 6438
3960 6644
3336 9015
1562 7603
1215 8304
1571 6517
2733 9285
2802 7911
413 8955
1302 7810
1046 5119
2716 8035
2645 9982
1413 9771
1602 8863
2478 8163
3282 5821
2119 5321
2267 8733
1502 8807
1858 9909
264 7194
151 5253
77 6833
3429 8003
1358 9352
3884 6336
2653 7751
4003 7004
229 7477
4259 9331
2528 9278
4233 5903
1235 9931
28 9300
1264 9875
3853 8449
3126 7738
4109 8625
4592 5460
4388 6917
2471 6836
2386 8357
3153 6121
2500 6213
3201 8635
2888 8983
4312 7428
1821 7129
1890 8092
9 5936
1527 7865
2974 9351
542 9897
3395 5196
2222 8537
1407 7640
2372 8188
2597 6374
4738 6848
3041 5954
3903 9679
2516 6981
4009 8748
3671 6924
1760 5898
2441 9325
330 6576
734 7210
3534 7804
111 9986
3294 5031
4972 8001
4692 5191
716 7624
4183 5015
641 7573
2463 7143
984 7181
2926 5576
3003 5138
1239 9548
1713 9752
2084 5392
2825 8097
1733 8509
3569 9761
788 9740
4389 9704
190 9609
4915 6589
4315 7106
3587 9151
1274 5307
4887 9251
3352 6416
3952 8708
2797 9608
2604 7408
769 7332
3928 6461
3651 7958
3968 6032
483 5087
803 7916
1415 8722
2488 7094
350 5200
2797 6627
936 7620
141 7902
4678 8873
523 7095
3951 9027
3119 7082
4194 5970
421 6533
4750 5967
1790 9056
1428 5856
1644 8086
240 5074
4285 9459
815 8531
1224 7599
3037 6098
624 8976
4878 6722
4327 5903
3965 5919
2917 6487
4986 9507
1197 9225
513 5060
4496 5955
4792 6502
4965 8227
3520 7426
3746 8925
3782 6024
4627 9770
4669 7420
4452 9753
1514 7291
2279 9813
4782 5964
2335 5882
2191 7482
3611 6135
4024 6695
1973 8725
1586 9582
4885 7902
2109 5377
2089 9304
4650 9264
3737 7291
3843 5639
1461 6781
3538 8140
2721 8631
2408 6567
4394 6610
1906 9157
4368 9457
3989 7074
4252 6193
3047 7138
1870 5078
4761 8889
3221 5002
3927 6497
2135 9446
1603 9347
2493 8197
1385 8553
3437 5700
3312 7045
1889 5844
1372 8175
4853 8136
3073 5336
132 6220
4847 8171
2258 6436
4433 7786
7 8056
979 5874
4666 7594
3815 7421
2137 7855
4164 5585
1000 6981
351 9003
3592 5258
161 8018
4038 6177
4664 8582
4542 9127
952 9812
2236 8210
3938 6428
3095 7309
288 8449
3826 9107
2926 9417
61 6137
2132 8896
4149 6149
2277 9828
3578 8840
1911 7278
3355 6004
4484 6158
1523 5640
2910 7765
3138 8151
3081 6679
221 8305
4763 6297
4843 7940
3430 9251
1815 5251
801 8602
4519 5091
3485 6262
28 7660
2453 6251
4069 6231
3650 5175
3272 8306
2164 7390
2687 6577
2326 9176
4503 7813
2468 9406
1311 6905
1746 8412
4592 9243
4787 9584
4495 9783
4480 6989
4194 7352
3577 7375
743 5765
3685 7580
4824 7491
376 8538
4803 8140
3022 7564
4202 6504
1822 6947
2939 5977
743 7430
3638 9237
3596 8439
4379 9330
3622 9837
96 9265
3801 6700
4168 6038
817 7234
3204 6095
917 5949
4682 9590
266 7417
1803 9623
4773 8107
2570 7797
3881 7762
1355 8201
4656 6838
3045 8996
4857 6409
4357 9114
3786 6945
3509 9631
4726 5869
4640 7011
1726 6683
970 6604
13 5940
2985 8852
2738 6011
523 7509
4750 6882
4739 6025
1995 5776
1487 9193
1070 9857
2143 6310
3882 9023
495 5886
1509 8871
4639 7045
507 8213
4961 9589
12 5848
2887 9205
1734 9711
1568 5315
4825 7941
3098 9951
1054 7393
3098 7266
4364 9023
1416 7806
806 7405
3763 6891
4405 8209
208 7414
961 8888
2584 9035
3811 6977
758 6520
2092 9367
388 7345
2895 7960
4026 8397
3619 9393
2212 8156
4783 9802
800 8416
1777 8511
2381 9097
1394 9062
1930 8652
3965 7723
2172 6879
3421 8717
4957 8766
2836 7933
3984 9024
2319 5724
1586 9950
4669 8165
1672 5171
4348 5166
302 5672
4026 6340
3218 9264
218 9708
1542 7836
61 8717
4433 7216
3332 9120
2771 7818
3709 7352
2672 7969
3203 5862
1935 8312
4051 6789
827 7091
172 6360
4046 7797
2470 5290
2439 8993
3499 7579
4431 7497
844 7156
695 7917
2348 5594
877 5129
3835 7989
1788 8938
3273 8735
719 7788
1505 6592
2654 6765
2491 7037
1822 9417
1781 7937
4220 8252
893 6457
675 6397
2539 7270
1558 5628
3175 9124
804 9595
2384 6856
978 8408
3845 7339
4546 8803
774 6649
4572 5115
2436 5827
3416 5114
686 6558
2153 8310
4774 7060
2036 7363
2318 9985
206 6887
3701 8385
2199 9893
4499 6682
4496 6852
1085 9795
1034 9266
4475 8271
4404 9491
51 7508
483 6391
1413 5456
3058 6814
322 6514
4953 5270
1001 9503
1152 7472
4252 9170
868 7780
729 8484
2482 6970
3050 7437
3258 6173
1912 9300
4625 6294
1243 7451
3800 8690
1545 5491
5000 9562
3405 8670
2799 5455
1672 5983
4950 6729
119 5058
601 6652
1350 8278
4663 5661
3159 5084
2202 8540
722 9914
4233 7866
1897 6560
1083 5647
869 5063
2855 8808
3613 7743
86 6560
339 6505
1573 8235
2916 9750
4876 5912
3202 7157
2257 7421
2960 9761
799 8246
3271 7501
3106 6663
3629 6894
1041 7376
146 7076
3182 5550
1397 7945
1953 8106
1299 7179
1675 7207
4118 9692
159 5632
4502 9603
4485 8399
3582 5616
790 8429
4351 9320
1962 9686
3799 9327
4652 5516
2924 6069
3922 9030
2034 8323
1202 7147
1945 7916
1117 5399
1598 6423
4526 9088
3311 7496
1519 5490
3426 6507
2753 7757
2321 9488
3509 9739
2047 6204
2055 8258
3551 5627
4963 9390
293 6478
2142 8974
2537 6949
1439 5878
942 6267
3852 9567
2708 8614
1829 5282
3574 6425
4809 5761
2083 8786
4648 8061
114 5540
4708 6523
4341 9904
1229 9222
211 5882
4805 8909
2933 6682
214 5228
3284 9759
2624 8841
4997 7270
1799 9787
542 5292
4148 5730
2682 8924
1236 9025
4884 9306
2524 9946
3994 9167
690 6129
180 7374
184 9887
2160 6434
246 9073
2384 9053
3155 8298
4114 5211
2160 6450
3764 9896
4680 5999
1243 8783
3606 9399
335 8706
4351 8645
1564 7563
2295 7728
115 8025
1292 5344
2145 6167
4542 9276
3753 8327
1158 8689
2389 5140
1969 6444
2374 7470
1287 7471
2901 7363
4368 6532
1300 7554
3665 5346
1980 5145
2358 7551
4743 7567
3797 6278
395 5271
1423 7044
157 5979
4325 6416
199 7055
1657 7489
3421 7611
1855 5690
3233 8452
2223 9982
637 9769
4417 5869
4298 9341
2889 7985
2823 9664
703 9202
4224 6634
2516 6385
2975 8225
3758 7430
1733 6048
3854 9384
3993 7345
4657 7891
10 9425
161 7690
3707 7436
1458 6238
1094 6865
4530 7978
1037 6650
759 7361
1482 5659
4558 7685
870 9201
4430 8889
505 6784
275 8122
1695 6369
4544 9986
4197 5232
3456 8646
2523 8818
1334 8272
4367 8491
446 8232
474 5025
4527 9762
2207 5802
4868 8837
1502 9554
4637 7844
2837 9469
2631 8374
1935 9250
4693 5293
2028 5430
4539 9841
408 6175
4381 6507
1516 8462
2831 7008
2719 8760
1872 9404
4075 9964
3451 9683
985 7208
3564 5396
2208 6047
708 6152
4410 7411
2691 6057
4622 8686
3908 6431
844 7985
3980 5864
3987 7149
4756 5223
4036 8604
4075 6555
1112 8653
607 9592
4954 7209
3490 6181
3812 8617
1956 8753
3589 8995
69 7522
4258 8360
1169 6777
3254 7481
1325 6723
677 6141
3156 9262
864 5351
4505 9364
4567 7483
3441 6628
109 8103
4184 9018
2433 8174
3584 6197
180 6353
1269 8540
2486 5944
1271 7460
4796 8899
4826 8555
1485 6499
388 8255
3428 7143
1009 5225
3498 7090
2171 6255
464 5356
3347 5446
10 9389
2466 7273
2465 5275
154 5586
1487 8648
2638 5762
666 7125
4166 8167
112 5361
1277 5142
3728 7657
4065 7165
339 5647
703 8925
4500 8614
4668 9614
2349 6415
2996 8852
1543 9674
2749 5732
3497 6203
3165 9872
3927 5522
97 7007
2733 7481
4407 8105
693 6129
4311 5405
3414 7841
2018 5224
3227 9972
4002 8505
2024 5304
2267 7656
736 5774
2598 7821
2909 8446
1507 6061
3173 8405
4331 6214
59 9287
2948 9298
3137 5305
3991 9671
991 7970
2821 6526
1354 7881
2157 7255
1449 6039
630 9054
518 7938
4199 6468
4072 6002
150 7330
1220 6548
1765 5249
643 7391
4456 6076
2309 9524
4735 6679
4308 8168
4440 9570
1734 5754
248 6059
4271 9006
3315 8026
3038 6629
2327 7357
2495 6731
4241 5410
2518 9882
3760 5529
3336 7247
2996 6187
3301 9840
4042 6872
1233 8096
3340 8135
2020 5400
2723 6250
3917 8159
4457 7680
2548 5177
1899 7987
4829 7305
2858 7117
1892 6614
1721 5578
1214 8953
1887 8934
1209 5828
2652 9702
3592 6965
3100 5390
4838 7140
760 6988
3976 5744
1843 7294
1832 8743
1162 6328
3325 5058
1400 6287
4389 6088
2831 7380
2102 5252
1811 7072
1928 6721
4707 8988
4345 7887
3768 9221
3847 5831
415 8383
2306 7577
219 6892
3223 6481
4118 9985
642 9915
4302 9200
104 6199
3116 8019
2398 6806
103 5124
584 6171
3692 6849
4292 5401
4920 6223
863 8244
4653 5369
588 5279
4274 8138
1995 6953
1808 6603
3460 9988
3022 6592
920 8656
870 6697
4182 9312
177 8896
3837 8735
4598 6099
3425 7190
3535 8819
3239 5457
4115 5712
2842 5601
3826 6055
205 8868
1762 9999
3402 5345
4763 9801
938 5978
705 8512
2521 6313
2499 5963
3199 6276
4675 6966
2647 6717
1471 8111
2335 5722
3059 8107
4272 6065
421 7854
1678 7763
4741 8273
4359 9734
65 9573
1703 9768
4980 6719
4983 9009
3358 5457
4584 8979
3981 6404
3729 7395
261 7118
2737 9360
4149 5797
1946 5281
3270 5596
3373 6634
1275 7859
1778 8431
1758 8695
3279 5735
731 6060
425 9564
1082 8105
2359 6931
3002 8329
4001 6138
3292 6213
3091 5121
1449 9716
119 7497
1518 6025
1780 7256
4546 9747
2718 6848
3516 7519
4274 9835
2158 5066
2313 6191
4443 5237
3595 7973
3903 9301
2510 8688
3600 5696
52 7236
4391 9317
2504 5704
4341 9957
4634 6741
933 8617
2651 6279
39 9942
354 7584
2587 8443
4998 5459
212 8550
38 5906
2795 9081
2970 9982
2605 6097
696 9263
4114 8439
3728 6125
1340 5547
1555 5383
899 9946
2172 7690
3234 8484
4997 9543
919 8464
2200 7747
3435 9700
4489 9779
1934 8965
374 5240
2516 8432
4242 9362
2590 8682
2199 7279
2460 8938
1922 5364
4175 8371
4459 8196
4112 9913
236 9496
1937 9239
1319 9910
2137 5794
1621 8932
3083 7794
4963 9322
1972 6249
1261 6937
3310 5384
343 9027
2650 7185
4164 6739
1155 6361
2280 9642
2259 5611
911 9918
3860 9369
4974 9849
4663 5346
3988 9050
1178 8117
1094 9619
4089 9794
3225 9221
808 6734
2500 9180
562 6165
4238 7195
372 6282
4063 6234
4330 8752
3286 9902
158 8191
4750 8823
7 6540
920 5984
3959 6380
633 6389
2748 7651
2696 6145
4520 9235
3453 5495
1411 8177
3179 6272
2922 8877
4508 9209
68 6721
3924 8053
2343 5483
550 5142
1957 7262
4949 5308
2746 5067
1319 6343
4992 5024
2636 9606
4269 9403
4242 6160
4777 6422
2477 9915
2877 7353
1722 9711
304 9081
1730 7459
2208 7373
794 8996
3708 5562
1308 7308
2276 9957
29 6885
1823 6192
4737 5241
2323 8046
1632 7825
1563 8739
4206 6586
1334 6815
2285 6621
2492 6604
3418 5837
4388 6103
2730 5782
4686 9344
2836 9138
2335 7157
208 5299
4773 7178
3315 5250
1634 8040
4805 8488
4490 5173
1684 8662
1436 5790
1444 7360
1400 6597
2071 8615
1690 8085
3948 8840
2476 9103
4037 9482
3961 9301
4293 5824
3861 6676
855 6480
4498 6902
4466 9532
2981 9427
2089 5774
2995 8876
1086 9035
1126 6827
134 9507
2500 7177
2919 8903
2705 8186
2387 5905
1425 8073
2974 6448
170 5866
4733 7119
4663 9966
2488 9246
3001 7554
1526 8628
548 9699
3708 6125
3208 8958
3270 7321
1197 9923
3659 9519
2125 7697
1864 9992
1013 9693
3311 9377
1392 9004
4016 5139
3824 6863
4906 5348
3470 6220
2807 7806
3194 9707
3030 9413
2725 5621
2264 7386
3038 6410
221 6258
4334 8247
1366 9009
3008 7428
4172 7088
648 8011
2295 9336
1864 7767
178 8381
1392 9095
57 9140
467 9974
867 9893
4020 5441
3032 8109
415 7511
4330 7608
2571 9482
4886 6012
3938 8369
2244 8014
3954 8616
3772 6481
1851 7395
589 9747
2579 6295
3702 8930
771 6412
2579 6248
1719 5998
1969 9094
1780 8537
3728 6188
2371 6115
4461 7237
4906 9223
2856 9893
4726 6111
4358 6850
4528 6510
4379 6026
1973 8229
3425 5189
1037 9394
3113 8870
4194 9689
1433 9393
1122 5024
1302 7114
4666 8484
802 6350
437 5312
2381 6628
2681 5688
3154 8469
3325 6660
2425 5565
3780 5147
1038 5901
946 7300
307 5402
3346 6743
3477 7584
224 7597
4804 6797
3231 9473
2549 9869
4975 7292
2288 9927
1255 6226
1398 7814
3875 8230
3762 6080
1167 9493
725 6687
4347 5900
1044 7790
3134 8384
2364 8652
528 7101
2723 9187
1346 8797
18 7326
4011 8677
4476 9899
1072 7395
975 9276
4330 8353
2644 9731
1493 6810
854 7971
108 7582
2898 6473
2664 7652
4129 9938
4310 6085
3818 7697
169 5573
1922 9546
3442 8736
825 9999
3405 8975
4666 7874
2491 7013
1601 5483
2079 7907
4526 6635
4890 8379
1310 6176
1460 5072
3759 8657
841 7618
2145 5164
1713 5749
185 7057
2085 7364
1117 8762
1596 8568
3617 9742
4740 6451
4174 9287
2549 6319
841 9738
3304 5720
1281 9261
3000 9290
1694 5339
3388 8063
516 8347
3520 9470
4575 9980
2796 8941
1709 8314
2429 5878
2886 9601
435 5077
2891 8703
564 7042
1148 6720
2479 6591
68 6547
1379 6554
2186 7773
378 8225
878 7891
3238 5263
1768 5650
3481 7467
1165 7188
1545 7277
2054 8308
1743 5898
2629 8035
3461 7001
1679 5191
2732 6927
2199 6521
4548 9489
4908 6061
637 5681
4434 6453
3224 9708
3371 9294
2909 6000
2722 9920
2323 8475
4298 7733
2534 9366
16 8384
1226 6600
4539 7866
1593 8504
4407 5725
4082 5961
4093 6549
2419 5673
4439 6614
1828 7311
4672 6974
4821 8782
2194 7809
1702 5320
1522 6879
3862 5826
3761 9848
2785 7069
4384 8293
1760 5965
1813 7144
1231 6647
17 6803
4636 9745
4505 5680
1318 6123
3553 9426
1025 6572
4149 8525
1171 7497
1201 9641
1536 8486
3357 5636
3744 7602
893 8865
3237 6757
1934 8861
2273 9271
4503 7218
4207 9055
1727 5299
1986 5505
991 9396
626 7387
1253 8568
2986 6196
2096 9241
1493 5043
3662 5954
2276 7747
4969 6349
4829 5214
2367 8823
3270 6740
418 8284
2363 6850
1507 7614
2132 6939
3633 6278
299 6185
4497 8773
1946 5731
2713 9992
3978 7520
3211 9715
1032 9971
4213 8800
1695 8068
1410 5006
431 8943
1559 5828
4841 6628
2266 8264
2942 5726
1803 5190
4873 7466
1999 6481
1860 8433
714 9087
2426 7321
2526 8211
1451 5631
689 8420
313 7038
190 7697
190 8374
2988 8723
1774 5617
1053 6179
663 9266
4563 7498
3832 8250
3793 5372
1483 7150
2704 5341
4116 6215
1260 8937
1627 6370
3497 9952
717 5677
896 5996
792 5285
4130 8553
2514 9476
3286 8216
141 9143
1310 8895
294 9277
1845 7018
4313 7746
2407 8423
32 7749
2892 7584
1197 9035
2477 9769
3035 6152
1992 8021
1417 8867
471 6183
4852 7130
1329 6521
3804 5998
4703 9947
1023 8035
4677 9426
3986 7909
2706 6103
2716 8313
1538 6264
433 8224
1253 8025
4099 8228
11 8310
1452 6023
177 8963
236 9776
2775 8032
4987 7570
2246 8690
920 6026
761 5882
3648 7625
3865 9435
932 8042
4676 5008
1529 6882
245 5565
4739 5083
349 5040
1991 9747
3591 8798
416 8344
1082 7088
2692 5352
4979 5687
4089 8648
1068 8536
4089 8624
3323 8457
1366 5217
4533 9424
2631 5354
3820 8388
4625 8857
2116 5453
2911 6989
4069 5233
473 9479
3341 8969
2285 9783
4330 6193
2184 6080
2994 8973
3084 7465
2082 8802
4864 6874
4543 5198
1012 6888
3061 5707
2759 6152
533 5335
4375 7658
270 9372
274 8985
4502 8658
3830 6660
3801 5050
1764 8566
3146 9536
257 7960
2939 6269
3293 5278
1110 9762
763 8760
1448 9869
3083 6016
3118 8468
3056 5478
4322 9016
257 6584
2051 5083
314 6788
128 9667
4758 6041
3024 7042
3524 5228
1595 7229
3894 9404
4720 9559
3064 8880
4274 8418
4387 9356
15 7597
2950 9091
3075 6915
3486 8700
4743 9975
863 7465
1884 6551
4514 8632
4367 7286
4251 5956
1118 9679
1324 9761
1554 8864
730 5148
4901 8580
2434 8402
3966 8255
4473 7756
55 5053
3506 7850
863 8353
4039 8423
1570 6715
4168 7790
3501 7122
1977 8554
3708 8443
4238 5573
2779 6563
2944 9370
3992 5789
3186 9506
2430 9576
1767 6674
1109 5120
1802 8259
4627 5359
778 9470
4002 7553
3179 5497
4319 6729
2015 6273
3708 8972
545 5536
3116 5861
3222 5036
4422 7690
2619 9722
682 6982
1592 9104
3596 8546
4525 6904
4610 9074
347 7968
1606 7423
603 8195
156 6700
401 5024
4693 8710
2028 7775
4166 7329
3101 5625
3617 9126
776 8726
487 8559
820 6726
4122 7250
1163 8724
4478 8197
2456 7975
1110 9740
4114 9458
3927 9746
4224 5062
1804 9848
257 9413
4014 7132
3067 6934
1847 7854
1500 7006
3948 9233
3306 5849
1775 9443
4861 8248
3750 5295
625 8794
1338 6716
3423 5944
2140 5783
118 6068
3047 7846
4347 6280
391 7749
3334 6916
759 5587
2281 9226
4758 6217
3356 7677
2161 5172
3307 9097
2201 8036
2620 5031
3532 9112
1220 7956
2594 7337
3609 8990
3179 5656
1281 5203
640 8035
3070 8481
2959 8686
4272 9786
678 5660
1209 7090
118 9491
1356 5560
4660 6548
2229 6987
3530 6669
3337 9029
2879 5335
116 6525
1886 7264
538 6196
2218 6709
2139 7952
2544 9311
4549 5210
2729 7258
2228 6052
810 5286
3411 8130
223 5469
3448 8541
3305 8220
593 7888
259 6434
253 7338
3434 5208
3033 6181
1472 9973
1077 5951
3155 8270
4383 8793
1219 6506
1908 7600
2846 8744
1440 9195
1982 7001
510 5298
2267 7192
2620 8120
837 5156
4806 5611
3735 7964
3707 5963
318 9786
4522 6514
4580 8582
3583 6121
245 8925
4508 5637
3117 6501
2054 8640
2471 5430
4190 7942
1360 7568
4872 5629
2861 9696
4177 9801
2228 8969
2634 7041
3075 7003
914 7212
4229 7886
1508 8574
2426 9010
4831 7476
4394 6569
163 6174
495 7654
1323 5147
1011 6756
3941 9850
257 6176
3880 7344
1810 5710
2070 9651
3019 8154
1818 8547
323 7930
189 7231
1442 8262
815 6603
4294 7529
1995 7140
2006 5875
3733 6268
4881 5788
3158 7471
3677 7839
92 8883
2522 7427
2052 5469
3961 7785
1086 8019
1082 8448
547 9691
3842 7862
4822 9514
3226 9201
3992 7875
4052 8032
1001 6378
180 5577
4032 9008
1994 5463
951 6504
2838 5239
1405 6261
2804 6445
722 8710
3378 8156
2428 6230
3451 7221
2364 5311
2906 7435
1083 7061
3875 6913
3452 7024
2402 7053
1427 8709
1460 5126
299 7765
2271 9006
2914 8904
3754 5034
1229 5512
1105 7360
4346 9403
3445 7638
4162 9757
3298 7200
2448 5414
81 5859
146 6511
864 8040
1144 6358
1084 9729
2022 7102
899 5899
2830 7199
4228 8136
323 5551
2915 7948
1150 5251
26 5105
4301 6065
4127 6086
2174 7484
4033 8039
3069 8744
3849 5935
622 9961
2055 7834
1771 8935
4320 5483
4267 9846
592 7092
1430 7938
1102 9694
2917 8438
4646 9876
1328 5482
3664 5498
1192 6315
227 5194
880 6573
899 6622
3760 7054
22 5781
4246 7804
1167 8868
434 6678
2794 8332
1499 9367
554 6461
3234 9081
4801 7816
2834 6977
1828 6387
636 5744
3065 8781
1566 5850
4843 7146
760 6066
773 8461
2512 5179
209 9776
1595 9153
3802 5010
4710 5324
3293 6557
1232 5738
4237 7021
3678 6187
127 5068
4837 6194
4070 7246
1341 7962
1009 8799
2117 8528
4927 6037
4154 6755
3747 8909
126 6660
2965 5598
4458 8056
4502 7947
2600 6937
3564 9552
4552 6276
4880 5570
4808 9671
3793 6221
1136 9967
3372 7797
2654 7324
3092 8497
809 7440
3370 7017
1731 8335
1833 7379
1999 7240
1790 9533
3623 5020
2354 6863
4126 7634
1062 8487
1460 5393
2009 9510
4210 7764
1912 8259
2653 6972
631 9619
274 6239
1715 8745
773 6839
3498 6422
551 5576
3866 9229
3212 7448
3877 6116
1204 9241
1455 9299
901 9358
3593 9760
3936 7072
4665 6205
1796 7718
3149 6017
4471 9741
929 6469
1580 5226
1155 5468
2017 7613
2300 6245
4288 9474
196 7915
3928 8488
2826 5806
1832 8089
79 9788
1245 6113
3057 7129
1835 6041
4345 7719
4080 9691
4416 7096
1757 6068
4416 9776
419 9947
1670 6276
4570 6203
3322 9117
3991 6116
1474 5274
3209 6134
2263 7170
236 5107
3569 9460
4756 6263
4075 7346
4467 9946
1196 5439
1223 5601
4411 8058
2954 6153
3909 9937
975 8067
2671 6444
1360 8228
820 7391
1320 7870
2129 7237
1960 6557
2557 5018
4955 7333
1923 9356
366 9385
4968 8145
2015 7812
2187 8748
2747 6650
1197 5466
1213 5189
2948 5447
289 9924
1500 9105
1376 9695
843 6289
2310 7197
1971 9775
3837 9933
4726 5045
730 7526
576 5946
4058 6374
4139 5164
3914 6226
493 9499
4424 7972
1018 9343
3933 9816
3979 8766
3031 9795
4497 8677
3290 8237
332 8310
102 7001
4635 7731
249 9064
2057 8488
2265 7599
1514 9973
4037 6534
910 7237
1573 6447
3246 5387
3798 7112
1316 8999
1028 5074
4020 7830
636 6664
2711 5270
3753 6793
692 5257
482 5921
331 9231
2341 5893
3402 8539
3314 9164
2794 9370
2359 5943
710 7120
3234 8830
1618 7325
3809 5780
2322 9022
3554 6676
314 5810
4856 8640
3546 6247
4973 5330
4844 5857
3811 9727
4476 9784
1482 8462
2662 6060
4756 6140
1676 7355
1322 6030
2552 5677
1045 7951
3370 8363
3860 9529
4171 5901
1295 7683
3567 5780
18 9370
3361 6377
909 7703
1788 7340
2599 6338
78 5881
3108 7185
3018 6430
753 6029
3227 5226
821 6430
88 5162
657 8445
2076 8915
4751 6245
1231 5436
3767 7961
3080 6404
1945 9971
3373 7592
3694 9678
113 7188
23 8203
492 7911
4941 5694
20 9902
1368 5286
4599 7169
2109 7743
4575 7203
3453 5074
3540 9932
4607 9793
1115 7360
3979 8392
596 9391
3374 6310
876 5584
1541 6683
2585 6161
422 6979
182 6569
3819 8536
793 8474
3064 8462
2956 7132
2545 6378
1226 5631
3571 8565
3716 6456
3560 9579
4219 8354
2857 6886
1044 6140
4975 8571
4483 6091
4811 9325
2804 8880
4984 9356
3541 9217
4975 6080
2571 6423
4138 9892
3352 9182
2509 7662
1900 5275
2285 7832
3467 6121
2230 7007
2780 6788
2215 8068
966 6175
1932 6345
757 6015
3807 6650
2517 6585
1516 9443
4825 5725
4813 8589
960 6798
184 5983
986 6650
1607 8208
2907 7349
1280 7428
3743 7292
4638 5923
3459 5312
4901 8444
2313 7456
4881 9223
4120 9492
4468 6324
4646 8180
4345 8375
2115 9243
1668 6782
4489 5912
4708 6021
3527 7827
4660 8228
4284 5284
1940 6396
3956 8188
2124 8965
4253 6620
2120 8849
4755 9404
3294 8131
4786 8680
3261 6930
847 7925
4796 5005
4984 6208
428 8297
77 8558
3485 6297
2576 8970
2844 8089
2609 5535
1148 5211
614 7011
2751 9846
2710 9932
31 9467
289 9199
4871 5222
2884 5329
4518 7581
258 8987
3955 5380
3141 8721
642 6510
1323 6603
1091 9209
2016 9294
4579 7897
320 8667
4968 6013
294 8564
1000 5505
1370 9438
3704 8338
3134 9175
2906 6981
4338 8368
4095 8144
2430 7119
1431 6806
2420 5870
3812 9463
2422 5342
420 6389
4241 7466
3682 6554
3268 7123
3087 9412
2562 8912
1747 7815
2463 7429
1753 5873
4038 7069
1515 7055
4630 7380
1112 6216
3352 8472
2639 8123
3230 7050
3243 7367
2296 8210
370 6609
2431 9697
4382 8632
4570 9566
1003 6708
4052 9339
3523 8791
4626 6327
836 5461
2006 9263
656 5394
2535 5088
3916 6326
4727 5638
4879 6659
2688 9915
4942 8171
945 9172
4544 6616
2909 9933
2265 8800
2726 5205
3730 7929
3913 7897
1065 9223
4576 8646
1426 6086
4048 5717
72 8139
2455 9732
522 9202
3991 8109
1928 9102
1189 5185
2578 9256
1866 7822
1253 5658
2319 5729
4805 7428
1273 9982
4548 7676
1818 5054
4634 8547
3132 9521
271 7469
2833 8137
4666 8686
1095 7706
2257 6173
2716 8748
1438 6862
498 6170
4539 7102
1887 9486
584 5569
4882 5674
217 5853
666 5481
4749 6005
4958 8138
4338 8199
576 9300
1673 7034
3475 9223
1851 7021
807 7625
1678 6447
1391 8851
2763 9977
227 7742
3452 5438
735 9129
1210 5174
3119 5240
1055 6389
2049 6592
1088 5536
4670 8550
2078 8764
1089 9601
4561 7997
1464 5325
20 7683
3708 6028
2896 5331
379 8545
2930 5727
2374 8581
1988 6125
2824 9452
846 9364
4267 6600
739 7751
1837 8386
2480 7590
967 5019
1016 8172
1281 9517
1016 9310
4238 9068
1785 6844
662 9975
418 9173
4424 7833
2629 7467
1499 5999
4099 8765
3376 7221
2888 9258
1371 9987
1931 6555
545 6278
3549 7071
751 6888
1705 9439
4724 5833
4182 7290
555 5509
2612 9035
1306 8615
99 9157
4089 5386
4145 5417
2009 8790
826 5912
4887 6444
4798 9950
4067 9352
1483 7793
2475 5410
1962 7575
2970 8861
1401 5879
4750 5944
1008 5112
2748 6723
172 9392
1653 7865
2840 8258
4879 9434
606 5908
1271 9891
2186 6120
3762 9118
163 5600
4335 5307
130 7947
3721 6559
4572 7045
3765 5474
3076 9553
3089 6994
3102 9032
1788 9473
870 6254
1672 8057
2060 6918
1402 8555
2214 7326
4981 7510
1148 6706
4050 6163
1631 6483
1664 5053
1198 6584
4011 6840
557 8408
4325 5347
2208 6823
888 6497
4130 5473
203 9360
1211 8615
365 9222
891 7526
1071 8606
947 9583
4181 8537
4595 8011
1267 9823
3658 7989
357 9842
2563 5192
782 9658
4640 7699
2306 6060
4590 8826
4620 6447
2080 6913
3192 5207
4633 8414
4812 7029
1106 8650
2623 6059
4273 6410
3420 9867
4026 7110
124 5674
2840 7411
679 8132
3436 8930
3997 9777
1840 9850
674 5510
2257 8817
644 7866
2443 7557
3642 8556
2142 8403
1010 5886
4204 9620
2867 8593
1799 7191
4343 8467
2579 7370
197 5526
4101 9162
1935 8565
2172 5896
3711 5869
4418 8480
2740 9376
2249 9867
1062 9801
3908 6374
2503 7321
598 7379
432 5387
2092 6290
3618 5615
2457 5828
4967 9206
1137 7101
4247 6640
2253 6771
2251 6751
3498 7534
783 6556
3137 5873
2991 7923
3165 9170
3781 9648
4440 8971
3474 9281
4442 8614
94 9107
543 7969
712 5892
810 9320
112 5525
1391 5585
664 5230
2915 6475
3040 8355
1511 7296
1307 9837
762 8735
601 7703
2921 7159
621 5600
1604 5042
919 8747
852 8274
1908 9600
4141 7606
353 5782
1285 5564
4412 9046
3192 9843
4979 6018
2390 7440
3877 6977
2942 5510
3742 6418
4451 8480
468 8253
4339 8072
3128 9083
2160 8436
4781 7622
1495 5149
4326 9301
967 9776
239 8090
3308 5427
1216 9394
3998 5890
2743 9817
2609 6831
4211 6091
4600 6752
1551 5283
3197 5322
990 8452
2064 8080
3239 5111
2880 5108
1470 8084
2581 9431
3536 5511
3016 7581
3014 6606
4233 6370
1184 8343
1282 6632
133 6329
854 9695
2299 9829
3343 8112
818 6007
1235 6635
3994 8572
2325 9386
2168 9816
644 8348
2371 5927
1393 5654
3166 9335
2831 5586
2820 7501
967 9807
999 9482
2194 5301
1544 5756
4598 5806
1917 8541
3684 9231
2104 5020
2750 8011
1687 5569
863 7173
1863 6525
4886 9769
336 8297
538 7730
1656 5471
309 6240
3925 5124
2665 6997
3846 7106
2726 9370
3227 6533
984 9916
415 7102
3784 8352
1982 8882
4890 8872
2900 5140
1640 9197
2539 9632
2182 9462
682 7002
2548 5432
1957 6063
4392 7437
4868 9565
744 6829
4261 5563
575 9132
1063 6847
834 5659
3626 6799
1886 6286
2138 7357
3126 9017
4243 5405
2644 7623
4005 7851
80 5976
2898 6709
2613 9383
3898 9049
4605 9917
2537 7685
2038 9939
2261 6963
4212 7717
411 9157
2629 5870
1307 8536
2262 9560
4608 5186
478 5141
3158 8913
2104 9750
4162 5117
2629 9830
2910 6108
3447 7412
2402 9859
3125 6312
205 8565
1258 6557
4935 5129
137 9145
1855 5549
595 5006
3454 5528
2275 8768
2621 8162
1811 7057
1601 5300
4869 8816
4297 8363
291 9481
3185 6962
4263 5175
2253 7820
3074 7801
4013 7667
3970 9889
305 7355
1955 5746
3788 8689
425 7065
2220 7039
3703 8647
2419 6832
4346 5091
653 8441
128 5904
2264 5980
1451 6767
442 8565
4532 9710
607 6696
240 5555
2101 5738
3151 9736
4917 6727
888 5174
3 7483
2521 7275
244 8573
3525 9484
4610 5199
1024 7548
4574 7401
4217 5835
2745 5648
933 8356
1986 5718
531 7214
3314 9058
4343 5248
4722 6607
4032 5362
1037 8473
59 6849
2434 6554
1367 7049
3144 8054
2386 5012
3587 8437
793 8920
4679 5709
2759 8095
2002 7535
1563 5970
3753 7206
2132 8793
231 7856
3496 6004
869 8007
2220 7807
1121 5756
2592 9837
3921 7315
1770 6669
1196 8694
334 7390
2274 8371
3157 6665
3220 9326
1202 5113
1322 6591
4457 8084
4149 8768
1795 6372
1443 7353
2529 9090
2851 8769
3012 8770
4839 9122
844 7794
2367 8969
4419 8962
727 8834
955 8682
1999 7460
3810 5512
2543 6044
3980 7780
2620 8409
4476 8097
3286 8649
3110 9783
2265 6259
3792 8892
102 8516
633 7028
4881 8248
1966 6453
4265 7275
3322 5058
2953 7345
526 9611
4249 5649
1057 9537
4385 7152
471 8000
2606 8127
3080 7772
4294 9363
996 6510
2856 6953
4904 5435
3611 6133
859 7325
976 6088
697 6339
4397 9671
1603 8756
874 8765
1005 9937
2167 5124
4112 6067
3575 6746
926 8297
3082 8658
4840 7961
333 9196
657 5425
1646 6608
1020 5938
916 9775
4520 6246
3501 5122
670 6929
3095 8417
1912 7105
3518 9709
4645 8696
2426 5928
4939 8080
35 6352
1141 6120
1671 6011
526 6107
4689 9474
1663 5642
2393 5169
4828 7053
4862 9345
2831 9959
3492 6140
2844 6419
4396 6177
4889 9086
4690 5900
4408 7378
1761 7421
4331 9623
286 7942
3287 8648
1019 5872
1392 6678
3448 6529
3938 5753
779 6954
2415 9820
3616 9387
3096 9251
2219 9631
701 7800
2412 8226
3888 5410
1467 9457
337 8699
3125 7734
3847 6524
1108 7415
4926 7018
2487 6176
4711 7061
3594 5732
3811 7013
3950 7725
2906 5687
3081 9700
3073 8038
2247 9900
1038 9843
2350 6486
63 6878
3866 6173
1462 9833
182 5651
4703 7826
593 5503
75 8533
2669 7336
1044 8941
2101 8981
2121 9211
579 6160
1269 5982
4311 7278
2658 9532
360 5760
2166 9591
4582 8794
1426 9327
212 9179
1493 8015
3252 9286
2083 8984
3850 8405
2133 6628
2296 6338
4615 5827
1785 6646
3905 5569
1891 5884
2228 7461
1695 7119
3873 8448
2741 9666
178 7005
464 7333
4364 6859
3975 8721
3750 6982
119 7191
4600 6963
925 7547
3216 8201
2647 5316
3454 8164
4385 8234
1522 6265
254 6069
3447 8659
1055 7454
899 9645
795 9431
394 5106
2191 6642
3270 6736
266 6587
2372 5767
923 8227
17 5175
502 8489
1654 9399
4778 7295
4716 5898
3425 6837
500 9140
2655 8044
3172 8029
2175 5409
1378 9295
4382 5291
57 5699
2803 5935
956 6496
371 8013
3484 8831
2502 7790
655 9183
339 6994
3468 5731
1286 7605
4190 6198
1761 8624
311 8635
563 9952
98 5587
4119 5457
4378 9021
4882 8711
2245 6566
4897 5300
4673 9982
2866 7699
322 7691
617 8869
126 7433
3260 8722
3678 6280
4712 5404
1192 5117
2102 5088
75 8594
1160 9091
1028 9287
4168 8646
1989 6443
2712 7296
2797 5908
3577 8152
1082 5860
4348 8632
2344 6213
2747 9830
1399 7227
901 6957
2931 8866
3772 6183
2891 8323
2488 5708
3944 6547
102 9219
2332 9325
4552 9798
2966 6886
265 5868
581 9187
3253 5504
2908 9363
1232 9192
2543 5368
218 5209
816 5717
3362 9294
4223 9121
2551 7380
622 7252
3661 6129
4628 9165
2445 9714
2328 6066
2996 7709
4285 9484
1067 6531
4511 9764
2570 7149
2506 6283
239 5911
1947 9807
4012 5150
2442 5007
1171 6906
4490 7845
3742 6212
2883 6109
4819 9104
3057 8592
3991 5083
4058 7723
2115 8252
2247 9482
818 6871
4621 5707
3173 9208
870 9155
413 9524
464 8930
4645 6725
3016 6524
4159 7376
600 6377
4695 9170
2005 6220
3673 7676
3450 7676
4063 9143
4335 8956
942 5733
4165 8577
4031 5057
3993 7358
1931 5884
3793 7946
2413 9782
480 9401
4010 9430
157 5166
1559 8370
456 6198
720 6117
1533 8093
199 8559
2110 6078
412 7164
1001 5226
2643 5804
1421 5188
3971 9278
2723 7074
2237 9026
2096 5920
2970 7714
3012 9787
914 8261
1917 6695
2821 9939
3853 5181
3854 7873
1259 8898
4621 9738
3663 5993
893 5939
4781 6451
1243 9055
2540 6737
4833 9936
749 7685
1015 5229
1766 5608
1619 7144
1496 7441
3829 5108
3802 8417
2002 7744
1745 8994
4761 7266
2254 7021
1302 7217
3025 9956
1490 8980
4217 5454
612 7993
3546 7346
3308 9665
1268 9134
1117 6871
2137 5381
2666 8784
1105 6078
933 6468
1067 9902
3730 9209
4605 9931
4804 8095
1343 7915
3548 5917
2711 6655
1782 6962
3960 5139
1139 8754
3459 9866
4736 7149
4005 6187
4162 7825
2063 8274
4125 5090
4561 7542
4432 5792
3913 9926
2024 7687
1314 6643
1944 8542
4292 7286
3144 6932
1727 6660
4361 8726
995 8400
2924 5506
900 5804
1976 7275
831 7568
1705 7647
4955 5904
3349 9131
2131 7311
2711 9086
454 7697
1154 8312
3971 8311
3304 6290
4600 8768
367 8623
1251 7631
2966 5379
3915 8253
3926 5528
4667 8844
1358 5904
964 9271
3792 5586
4616 9630
2601 6018
3078 9340
538 6739
1837 9821
4027 7154
2824 6792
1766 5139
1982 8706
3199 8559
416 9104
1522 5153
3106 7963
4608 5367
12 5563
816 5970
3193 9730
3723 9408
250 7368
4160 8614
2045 6447
4116 8598
1437 5663
259 8978
2608 6813
975 5343
1727 7146
1281 9818
3248 8603
4588 6757
3405 5071
1392 7067
3688 6241
3685 7089
1520 5864
2969 5360
808 5904
377 8837
580 7330
4420 6545
4115 5382
4429 5325
1795 9571
4984 5573
3683 8573
4790 7904
9 8424
285 8140
541 6643
4583 8725
2733 7565
3024 7018
19 7859
4723 7412
134 5316
1301 9960
4911 6337
2280 7668
1278 9847
1124 5775
752 7967
1614 6309
3845 7080
3659 9019
672 9981
1696 7241
3427 9889
1574 5146
3669 8582
4670 6003
3373 7591
3677 7234
3086 6641
1114 8039
2202 6305
4006 7044
2934 9445
2284 8163
2255 8758
1470 7245
2414 8076
281 6272
1866 8433
4287 8238
1246 5485
3244 9191
11 6718
1928 9490
3013 5963
1155 6379
3083 5844
2868 8907
1029 6679
125 6486
276 5030
2132 9954
848 8928
2154 8719
3265 9945
2091 9666
4248 7941
755 5587
2006 5416
3239 9754
3037 9196
1029 7064
579 7868
2152 5002
202 5667
4938 5390
3011 8132
3873 7967
4536 8209
736 8580
1652 7255
1834 6401
3413 6854
1460 7055
1478 5483
4591 9820
1908 5591
4443 9267
4805 7420
603 8577
1425 5452
4939 6968
4026 9230
3214 5546
262 5231
3418 8535
3883 5691
1633 9106
1333 9915
4650 8269
1367 6465
565 8538
3725 9577
4229 5485
3225 9918
2876 7640
3660 7697
2608 9046
4370 6783
4271 7244
2021 7328
117 5900
4978 6473
3765 7176
4743 8915
2801 7757
1960 6560
1808 6958
2965 5336
239 8989
2770 9981
2339 8003
616 7530
4660 6742
1027 5698
2150 7166
2514 7149
3242 7127
3875 7782
4631 9871
2807 5995
760 6039
3338 8493
1433 9806
2593 7329
1173 9728
3680 9143
522 8320
921 9557
3076 8073
4989 8216
4374 7272
4090 8943
1049 8256
4511 7870
3124 7329
1400 5276
3969 5420
2692 8638
458 7716
2618 9479
352 7153
1936 7232
1460 8777
1172 5523
406 6593
913 8990
2565 9421
4870 5667
2824 7599
4942 6125
2654 6024
958 9568
741 6497
4520 9709
829 9774
2030 6141
1137 6444
331 5570
2593 7432
4965 6203
3303 5464
2107 6343
80 7969
1471 9428
4402 9084
311 6073
4489 7937
1504 8529
4326 9592
3787 6740
430 5688
2466 7290
3811 8853
3000 8645
351 8001
1409 9143
4233 6516
1523 7753
4346 5180
2325 7878
2731 6730
4684 6155
1538 5509
4062 8966
370 9372
2735 8236
3929 8032
1356 9610
406 5041
3165 8340
2584 5513
1208 9290
2851 5799
2923 7631
2374 6041
4315 7556
963 5084
2462 5223
1407 8315
2238 5794
3592 6314
3638 7592
3409 7117
1039 9410
2171 5385
1494 9446
3946 7231
3558 5590
987 8707
4623 9159
1218 7882
4262 7562
2450 5876
3784 7171
2523 6815
1797 8512
4128 6758
4436 5608
1813 8815
3503 5991
515 6249
3828 6090
1131 6321
2754 6194
2434 9826
1378 8240
2653 6521
4516 7207
681 7785
636 6620
4229 9421
1737 8136
612 7443
1008 5973
4288 5482
4320 6826
2684 7048
1541 8903
1714 7256
3859 8598
3140 6149
22 6578
2871 7192
4437 5104
4687 8605
1051 7845
2230 7714
1675 5136
4758 8767
3221 8283
25 8798
3000 5042
4774 8026
840 8328
3698 7031
984 9416
1671 6300
3717 7810
1834 5460
4458 5983
1341 6415
1053 7720
3959 8729
4249 6009
2294 7774
2397 7090
2240 5437
4817 5865
1268 9843
4511 7753
3154 7211
3087 6834
4116 6902
2204 5965
2873 6593
570 5227
3871 8766
4240 8744
2718 7063
2051 7577
4760 8804
4235 8138
424 9051
667 5536
2134 6768
3476 6097
4664 5148
4443 9536
4090 6222
561 5924
46 7824
3209 7329
4164 9363
3570 5603
2569 5681
3245 9475
1994 9488
4869 5973
2161 6230
1281 7851
136 8795
19 7028
3395 6311
4645 5689
521 8622
716 7327
1363 9277
3365 8093
932 7256
4025 6861
4921 8471
1046 5621
1222 7823
1781 8805
853 9590
2455 9886
3645 7396
398 7111
4862 8675
2032 8616
4231 7720
2557 8360
3925 8010
2980 6442
267 9570
1806 9188
4620 9763
4399 9598
2269 9323
3848 5801
4767 6211
1185 6452
4848 9351
4831 5278
2792 9099
2852 6080
2609 8913
220 8102
2653 5587
4235 7388
4351 5733
3530 7491
4979 6184
4295 8363
3751 8873
4059 5732
2326 8096
1638 5002
3748 5480
2923 5813
2073 6278
4545 6818
4831 5360
2609 9733
3170 8465
2126 7618
2050 9479
1230 8255
651 9591
49 9492
4650 8457
4488 7193
401 8736
2070 5720
162 8842
621 7288
3089 6444
3193 6765
3527 7348
1042 8366
906 5465
1312 8195
3925 5926
1206 8964
2455 7377
4764 5690
2935 7015
4930 6864
655 8468
2655 6657
2419 8105
136 7956
549 5014
634 7568
4304 8147
2209 9555
3239 5635
2540 6505
4178 5347
1246 8826
3963 6071
4616 5808
2588 7307
3921 5380
4798 9131
1810 5242
562 8033
511 9159
2247 9610
2210 6944
4356 5296
873 7059
2604 8803
844 8968
4964 9614
1439 6015
4006 5469
4409 6750
877 8336
606 6213
752 6716
2506 9070
108 6257
1646 8662
3199 5900
2048 8701
909 8411
2604 6771
60 6480
2816 6808
1825 8309
632 9291
4672 6724
3700 9831
1719 5693
2068 8621
268 5524
1829 6759
718 6191
430 8228
3065 7130
2969 8722
4047 7197
3500 5135
456 9289
1134 8758
180 8863
3466 8931
1849 6794
2283 6163
2431 8252
1998 8370
4336 6115
3888 8023
4142 8637
4699 7890
2913 9207
2248 7154
1161 6052
774 5429
1050 6473
2551 7297
4199 5971
3036 9299
3048 7881
2807 9751
689 8053
1818 8174
4170 7157
3844 9520
3989 6806
1524 9397
4964 9122
4010 6618
225 8776
4451 6429
4456 8901
4369 7151
461 9584
2383 6628
3294 6170
4404 9817
2298 6279
3470 7493
2370 9818
1053 8761
2814 7072
3663 7429
4277 7601
3814 8079
846 9001
4190 9258
4515 6235
249 8432
1759 5773
3822 9196
2205 7780
2565 8513
2695 7446
2657 9481
659 7486
1537 5976
4903 9574
659 6747
3332 6325
3289 7746
3427 6752
2289 8425
3299 8476
2749 7082
1267 9970
2367 9817
539 8592
2499 9055
3593 9518
259 8576
3668 8283
4271 9493
2922 6303
1450 6711
213 7514
2015 6527
1139 9934
2589 6678
3694 5361
4924 5722
4319 8586
2121 5638
704 8460
2576 8406
1811 5397
3077 5327
3674 7670
2183 8733
4660 9151
3756 5027
191 5795
2981 9294
2185 5824
3526 7845
3078 5459
836 5542
4373 7530
1210 7336
503 6189
4015 8542
2128 8113
2640 5289
3929 9348
4593 6070
4759 6419
387 6627
369 5653
3101 9183
2886 6235
3688 7232
1861 6613
4170 5614
4701 5221
3122 9573
3863 8699
3505 5790
2119 7532
34 5195
167 7409
2685 9991
1194 6905
2125 6628
584 9259
3120 8502
1405 9344
3871 7932
2693 6119
3195 5959
3381 9878
3116 6177
635 5592
1148 5837
2460 8900
4227 8439
589 8372
2030 7190
3774 6008
535 5159
4662 5513
3301 7359
4672 6962
1222 7862
288 7500
3237 7217
2339 9606
466 7953
623 6322
3810 9120
1168 8274
4457 6829
2834 5735
1381 7794
2365 7980
1762 8723
4116 6883
2094 6861
3667 8982
349 7899
989 9794
1274 6756
1413 6408
1780 5787
715 6991
4070 5580
1180 7223
1991 5522
4637 6773
2551 9762
3544 8330
3928 9260
241 6390
874 5753
633 7330
4580 6539
1837 7674
1834 9723
1171 6603
4743 7417
4550 7125
4507 7931
2876 7012
2114 8730
4500 7002
3757 8313
605 7171
3488 7695
4410 5947
1981 8961
2261 6854
342 7594
1100 6907
3101 7616
4729 5532
2060 5165
4571 7106
787 6179
1614 5453
1202 9114
819 7088
3430 5745
552 9426
4306 6664
2572 7025
1800 8378
296 9299
3604 5118
3629 8884
474 7504
3633 6090
283 7333
869 8199
888 8215
4269 9636
2586 9590
1607 7066
4833 5107
3670 5518
868 7329
3025 5596
3860 8954
3471 5073
376 5354
2598 6781
2720 7434
3969 8987
3770 7251
4006 6708
4192 9578
3011 6542
3337 7119
2211 5088
2161 8157
4622 8424
842 9061
3902 5921
1687 7975
2411 8022
2594 7048
3859 5273
2539 8580
3067 9471
3916 9452
3442 5957
3816 8898
535 9514
3671 8368
4305 5675
1579 7718
2010 6885
4815 8625
3577 5623
741 6927
4683 6128
1593 8382
2979 8082
780 5021
872 5214
4458 8632
3198 9508
1370 8008
1735 6758
3876 7856
218 9399
2320 9705
3264 6801
189 9970
1000 6224
2377 7269
1005 6802
4371 9190
3307 5295
1536 5796
847 7399
2408 6528
2223 6338
2224 6677
3800 9185
4772 6171
4046 9782
1856 8122
2104 7112
37 7027
414 7396
238 9966
2829 6768
1548 5371
3916 6349
2000 8519
4293 7440
3319 7273
4860 7726
3642 7683
4125 8287
4181 9007
4298 6911
838 8478
2644 5835
2984 8388
3205 6015
425 8636
3253 6962
2131 7426
4784 9210
3628 5662
3670 6041
3397 7833
3011 7552
2717 7077
4794 7607
4676 7155
2431 7959
1470 5266
3723 6186
2284 6846
3269 5285
2986 6897
2184 5853
1543 9687
27 5202
613 7971
766 7532
4585 7854
820 6967
4515 9345
3168 8117
3167 8001
1089 9856
4305 7585
1666 5899
170 5923
3482 5254
2189 7340
1140 9052
4127 5197
4342 9980
998 8132
3201 9106
121 5240
3512 6787
4618 6063
2261 6264
4659 7104
1790 8184
208 9738
2010 9228
1606 5239
487 6374
3771 7455
1446 8213
422 5514
2064 7497
4703 5516
2155 9709
3849 8535
4803 8407
4635 5640
2343 6702
10 7797
4214 9288
4370 9654
4368 8773
3480 8757
3311 7530
2711 5160
74 6643
1656 9254
2323 5504
4360 6136
948 5328
3204 8247
68 8094
1995 9130
3329 5469
2225 7807
1318 6266
2804 9863
3442 5182
2562 9490
1766 8377
4733 6918
3425 6964
3493 8572
469 8413
2880 9222
820 9922
1065 5370
939 8703
2218 7953
1329 7828
3244 5008
3981 5851
2995 7055
522 7864
922 5905
239 8912
1144 7577
1303 5030
864 5891
2536 8806
1864 8814
3367 6991
4254 5858
2302 7862
3422 6504
2860 5811
2019 6017
2446 8185
1384 7899
152 9877
1618 8343
48 5703
3575 5185
538 5337
997 8169
955 7952
2379 5337
504 8340
942 6180
4145 9465
4909 8762
873 5214
2608 9989
3195 9828
4785 7862
4805 5850
3979 7724
4722 5638
4539 7805
4117 9349
2533 8543
2724 8397
27 6758
683 9346
4592 8038
3105 5795
206 7554
1727 9204
4122 7197
1204 8464
1870 5359
3232 9120
2469 9636
3961 6220
3662 9008
1068 8856
4069 8689
2281 5293
709 9350
1319 5734
2750 8859
1761 5010
1114 5355
4678 5437
3858 6238
4766 8511
1782 8597
2936 9198
429 5141
186 9904
3079 7551
2881 5967
1678 9309
375 8607
4511 7770
611 7093
2666 6579
3054 9729
1896 9407
560 7297
1118 7309
4134 5459
203 8906
4923 5911
3429 8608
3342 8776
3196 6552
1425 9883
3547 6526
2273 8301
3529 8173
696 9256
907 7799
3906 9708
1096 6094
3470 7325
1418 7398
348 8908
4027 8150
981 7498
2817 9701
4390 5796
3187 7329
2392 8526
4040 8533
39 6553
1551 8799
3983 7928
21 6770
3131 7885
4744 8620
2641 9307
1432 6375
1014 8775
2887 7185
1631 5850
1975 9848
1361 8225
4608 8179
3165 6016
3262 7285
3874 9971
1653 6392
3169 9697
3185 5615
1461 8850
2714 7759
116 5755
3265 9437
1286 6371
1242 8456
2527 7458
2366 5539
3369 8046
68 8695
39 5051
708 5848
217 5888
1462 8138
1170 8466
1776 6694
4694 6982
4501 9201
1543 6082
3036 5533
3044 5224
4101 7987
4112 5374
1653 5049
3271 9192
4795 7453
1952 5621
2222 7755
3686 6198
2997 5016
521 7828
1046 8529
1422 5671
2499 8842
3560 9885
305 8973
3887 6787
1564 5393
1077 6158
533 6223
391 7833
4504 5248
4595 5338
4550 9481
3382 9196
549 7581
2211 7986
213 6376
3988 5110
1755 6347
3563 8672
4689 9477
1639 5346
2735 8267
3128 9772
1860 9972
3826 8667
3890 7079
2424 5186
4417 6182
3774 8823
826 9571
1401 7873
1711 9518
3996 5507
3686 7811
2144 6780
3693 6300
502 6014
4753 5039
3278 8173
1351 5217
4293 6644
611 5273
2826 9299
992 8407
1443 9931
1401 7582
4056 7197
4078 6182
2801 6004
23 5233
3316 6317
2209 8328
4603 9870
2263 5892
4611 7674
425 8334
2235 6923
1200 8118
4582 6268
3976 6672
4608 9631
4556 8915
4292 8511
2569 7525
2415 8157
1298 6038
4134 7069
1982 9464
218 6734
4988 7175
89 5099
2605 7269
3070 7348
609 8093
2243 7850
4383 6549
647 8593
833 9488
4013 7556
4194 7255
3033 6930
2438 8937
4397 5631
1480 6954
785 7855
4122 5705
1384 5397
4707 6836
408 8072
3573 9186
3650 5504
2611 8284
2486 8960
4129 7066
4940 8790
3916 5524
686 8358
4190 9766
1265 9799
4514 6218
3923 9549
2378 7136
284 6241
1627 7322
3419 8160
3144 7977
3849 8176
4976 6522
1352 7319
1033 6054
1324 7358
3693 8645
3025 5086
3789 7739
4974 8638
4093 7395
1266 7838
4009 6387
2754 8722
3747 5271
4154 6517
4266 8957
2974 7468
1747 8837
4018 7044
37 6574
1116 5885
4156 5575
494 9084
690 6473
4559 6838
503 5993
2484 6167
1781 7092
1832 7186
3588 9982
2263 8631
2413 7596
4892 5718
4851 5856
3358 9978
1199 8025
2433 9679
2932 9574
2620 5915
2278 6607
2371 5125
2213 9443
1574 9342
546 5766
2668 7820
3386 7668
3828 6211
2889 6618
4492 6160
4243 7165
1687 7398
4670 7576
4826 9205
2638 8722
2576 8857
3341 8125
44 6578
1393 9178
1597 6892
921 7339
1530 6663
3575 9865
2763 6209
910 5557
4816 6453
3263 8385
1457 7668
4028 6501
2508 9108
541 8715
3360 8768
1406 5061
4111 9866
3609 8218
1656 6691
2686 9134
2219 5995
792 6928
224 9967
4626 5330
3441 9622
334 9758
2047 6937
1252 7261
1806 8503
1375 6068
510 8983
2866 9546
211 5414
4849 6178
2031 9155
345 9448
615 7463
563 5893
2930 9761
882 7384
996 6557
823 8093
4632 9186
1308 8401
4108 8157
442 9520
4187 8355
1670 5348
1759 5857
2400 6756
2525 7464
2489 5190
4646 7737
2175 9114
4332 6515
3892 8236
3157 7351
4826 8979
3495 5759
781 5314
3004 9596
4636 7849
2035 9733
1482 8046
4176 9673
1023 9115
2026 8372
4457 9388
4097 5355
796 9091
1392 6144
3470 7119
379 7605
1961 5261
1352 9809
4268 8799
1568 9785
1549 5573
2866 8876
1131 9083
3594 5785
4565 9485
1445 7382
2971 7066
913 7646
4540 8944
584 9398
3201 8000
1408 5585
4310 8737
85 9762
1119 7031
2169 5789
2970 8826
3769 5812
3263 6050
3994 9387
519 8481
4539 9032
2280 7712
3831 6913
2205 6752
868 6559
3057 8024
223 7435
1387 8384
2512 5434
493 6234
1933 7455
4684 7409
3264 9043
3999 7516
1589 5805
2111 8413
1535 9538
4677 6552
805 5655
280 6482
126 8174
1030 6160
222 6694
1601 5049
280 6275
3837 8265
2586 6745
674 7600
2844 9438
2303 6364
4445 5698
52 6154
4307 5567
112 9509
4941 5231
4864 5394
4788 5713
4888 8166
3286 9274
1337 5052
2592 6485
3341 9222
1632 9466
2263 7041
2154 5312
3577 5477
1953 9911
1357 6539
4835 7580
3776 7260
4913 7594
209 9965
2642 9728
1176 7578
3473 9002
187 6548
3917 7141
1318 8645
1695 6729
3659 8334
3283 6332
1416 8008
1241 8190
1292 7453
3262 6747
4268 9432
4893 6423
3510 6683
2983 6273
2292 7733
774 7265
604 8257
4873 5760
1150 6411
672 8503
4238 5886
1671 6983
4969 9454
3883 5661
1833 8822
130 7114
625 7202
2948 8628
2420 6555
3383 9829
3603 8916
766 8880
1870 9041
311 7107
2531 8270
1276 9477
4766 6999
179 9382
3722 7648
252 8217
423 7790
3664 7806
444 5959
2142 5849
3068 7981
2664 5740
1434 6515
2867 8750
2785 5248
4302 6300
3247 7711
1679 5985
2920 8692
4848 8873
2597 5171
2056 6473
4281 5747
3169 9546
4565 8092
4420 7162
3153 5736
2333 6499
832 9075
992 8071
3398 5795
2107 8145
1105 5671
401 6202
4490 7515
2810 6732
4016 6124
4305 5340
3242 8119
3054 7518
817 6513
2634 9176
3260 6838
4032 7170
3662 5780
146 5571
3951 8381
3384 5860
174 5361
2972 5925
2399 7316
1074 6625
1737 8707
4012 9234
4819 9435
3602 8476
4142 5643
463 5134
2656 8237
2467 9003
734 6988
3490 7925
3499 7397
878 8260
4262 6199
369 5558
2950 6966
1543 5817
1135 9517
3557 5908
1296 5494
803 6404
294 7429
4190 6282
4566 9029
1969 5249
2266 5921
2149 8746
3622 7233
1778 8389
1004 7939
3045 9717
2454 8740
2687 5135
4946 6262
4184 8493
3254 8251
1812 9028
2831 8730
1606 6968
1366 5123
4511 5471
2600 5166
3613 5309
2303 5918
3758 9768
629 8657
4713 6834
4061 9256
4964 9434
3830 5357
732 8329
2827 5877
2603 6261
1607 9751
4661 5359
4655 7736
4981 6048
2553 9912
938 6353
2051 9679
1184 9223
2120 8412
3900 6874
1379 6151
151 9644
1074 5920
187 8924
3316 8310
3027 5772
3960 6352
1977 7927
2379 7205
1819 8496
2673 6120
4407 8221
1510 7836
2235 7204
2231 7137
1584 9436
2212 6359
4867 5307
2630 5452
1619 8701
2430 8354
2761 9955
3754 6845
864 5683
59 6560
3777 7292
3527 7818
1450 9411
2478 7445
1841 5530
1337 5051
1485 6625
1166 5080
1662 5140
2422 6389
2213 6094
3233 8682
3575 8532
1732 8284
2438 5395
3991 9885
4433 5115
2452 7344
4 6142
1223 8410
1973 5164
2061 9729
3446 9855
4315 8981
2686 5611
2965 9783
448 9428
253 5368
530 7793
2995 5199
2724 5496
1509 8572
2396 6712
1909 5597
1062 8615
4885 8413
4860 8894
1981 9022
2028 5331
1364 6670
3061 9952
3195 9239
445 7882
2114 9487
2649 7558
3637 8248
1512 8702
4407 5118
4380 9189
1838 9444
2269 8229
4489 6870
1148 7042
4592 5233
27 9157
2501 6297
828 7591
2987 5857
4098 8746
3110 6682
3126 7004
4958 5790
4601 8120
779 7963
4896 9399
3878 7293
1798 6103
3592 8460
4391 8494
2862 8077
2092 5912
3477 6823
1652 7815
132 9406
2939 7747
1624 7298
3715 7305
637 8792
3149 6255
4159 7225
4320 7676
3271 9043
2062 7369
3313 6543
626 6118
1434 6911
3655 7943
3919 5654
253 9927
507 6895
531 9800
917 7687
3392 7649
646 8473
595 8529
4460 7852
1679 7594
3758 5439
4281 6750
2111 5075
2752 6205
574 7430
3813 5372
3656 7826
1304 6695
2 8206
1313 5226
4663 6552
1672 7801
1120 9402
1211 9471
4012 7012
683 8932
4167 9212
3073 8986
4590 5273
1887 9746
2379 9716
3662 8151
3348 9212
3050 7532
898 9888
2098 6555
1923 9794
4216 9490
3839 9815
2131 6656
2473 9160
433 7565
928 8300
351 8582
2357 9335
1283 6333
3612 5650
4099 5593
4756 9391
1362 7471
2223 5777
2251 8873
525 5335
4749 7977
667 5008
3542 5357
2672 9181
3909 8133
1742 7070
775 5090
3704 9775
719 5726
2770 7005
140 6118
4063 7830
3566 9638
2456 5041
3902 7071
1862 6272
4771 6129
4284 5724
3846 9637
1605 6762
1503 7455
4631 7374
1688 7867
485 6481
4393 9637
3522 5321
1499 7481
3124 6427
589 7471
1500 7930
1941 5363
4483 9464
2415 5392
4872 8427
4479 5550
4393 7628
2328 6245
1099 6208
2029 6906
990 6345
2247 6430
2520 8093
4316 7352
1649 5071
2060 9048
4584 9841
826 5310
1130 6658
4052 6034
1613 5181
2241 5571
569 5666
2415 9827
1939 6021
1305 9035
4856 5304
4940 9053
3559 7232
233 5695
3126 9872
1358 8023
1484 8471
3004 5480
2396 8891
4100 6770
2257 5598
316 9359
4998 6653
268 7935
1864 8531
2480 6828
2138 8498
2804 8147
3008 8427
4652 9396
3656 5872
2391 6241
1789 8756
540 5915
2355 9094
121 5064
1831 8535
3006 8470
350 6043
4210 9635
4468 8305
2521 7090
2982 6875
4560 6755
4645 8148
2397 8329
1602 5598
3011 6712
973 8298
2025 6334
898 7850
3016 7998
2549 6497
1408 7041
1459 6561
4780 5926
2594 6788
3079 9031
2142 6703
1454 7268
3309 8435
486 8147
957 6228
1154 6979
4676 7856
3961 7429
4358 7215
2092 5074
4269 7200
722 9240
3890 5014
290 6722
2707 5559
693 6041
1143 8375
3373 5441
3440 5714
4611 5281
600 6161
1187 7968
3351 5262
2873 9013
3687 5817
728 8922
1883 6068
450 7846
1086 7767
2833 7093
2004 9662
4285 8285
808 7314
704 5071
4221 5367
4889 5823
2880 8174
2942 5706
4362 5259
4426 6687
2928 7725
922 9441
1952 5498
4776 5015
4072 9525
2734 5454
3643 5265
3830 7843
2851 9468
4133 5650
4724 5838
4278 9660
665 8057
3287 8810
616 8328
4035 9838
3085 8611
4128 6784
1329 9749
4714 6659
226 6676
739 5424
1740 7432
3477 9956
4770 5438
1345 7261
2290 5160
136 5861
2769 6922
4259 9405
1358 6589
4829 8586
1398 5769
4364 5787
156 9976
240 7266
3724 8803
2971 6843
3640 8388
2490 9278
1711 7014
2033 9494
4133 7192
4031 6706
1792 5992
1107 9946
3650 8384
569 5722
2054 5394
3460 5273
532 6707
4164 7906
3254 5223
94 7932
1925 9321
2391 9819
2943 5581
1759 8260
4605 7304
2869 6942
2304 5782
2381 8612
4942 9927
3131 8034
687 9380
2789 8092
2882 7734
638 7031
2753 9367
428 6716
3987 5120
1527 5735
2618 7808
4822 9472
262 8578
2212 8378
4739 6098
4907 8771
2643 8544
2492 9567
4650 7105
3941 6267
3547 6786
4748 7077
392 7809
2145 6949
4065 7866
1209 6589
3764 5259
1954 8013
1329 7994
3329 8146
727 7894
2905 5241
4801 5995
3183 9199
591 6497
1151 9287
2140 7962
4581 9451
1615 6830
3922 7995
168 6169
3866 6079
3201 6208
634 6963
2951 8484
3814 7889
2809 6534
3545 7106
101 6467
4947 9816
3664 9197
2624 8132
2444 7532
402 6904
254 5471
3497 7285
3921 5188
2617 9087
1742 6234
3644 6083
362 7163
1734 8539
2318 9669
1195 9563
4084 8258
1785 7430
4396 9836
1033 5567
1667 9296
2551 9752
5 5457
1016 8147
3063 8327
1522 7714
1659 9727
3204 9621
772 6745
515 8547
3198 8072
275 6084
284 7083
2485 8537
1875 6857
4218 7178
2903 8815
4934 7211
2243 8369
1655 5514
324 7638
416 8760
215 6011
1236 7489
636 8275
4677 7687
2565 9241
1171 6607
4762 5518
1611 9010
1371 7315
1352 7852
4076 6254
2190 6321
2075 8626
2140 5320
3746 8129
2054 9509
1625 8425
4946 9836
4079 9670
644 5100
1824 8189
4947 6499
3761 7279
4577 7030
697 9172
4184 5760
1563 9228
3911 5044
1156 8674
2746 9920
2035 5038
1584 8321
3400 5820
3252 7328
431 6593
287 7445
1449 9794
349 9934
4006 7166
1164 8530
2164 6317
254 6915
2035 5481
3310 7961
1022 6185
1106 9405
2829 7960
2092 5454
802 6068
3939 7163
4024 8899
3629 8288
4216 7224
2060 9318
180 9454
1772 8142
2988 9110
946 6044
4250 6276
1478 8727
3634 7303
4172 7347
4081 6331
2885 6404
1936 7534
2861 9532
3791 6158
4270 6449
4724 7140
1835 9057
2752 8520
4612 9914
3997 5587
1687 5094
829 6935
1058 6375
4225 6971
2917 5872
1246 8765
1701 9734
750 5016
4554 7928
249 8923
2828 6683
3499 9461
2145 7088
3326 8239
335 8302
4060 6781
2797 9712
2531 9437
3238 5723
1001 9989
2163 8619
730 7521
20 9639
242 8404
1963 6145
4128 8680
3664 6173
4460 7256
3234 8632
4283 7689
53 9514
3106 7724
420 7622
402 7237
522 5032
4647 6809
4372 6613
3836 8555
1259 8350
4307 7710
477 7494
1534 6076
4 9787
3745 9500
1485 8849
4746 6512
2669 5938
2461 6316
4996 8902
2361 9797
1676 8439
995 7135
3065 7721
4526 8006
1208 7183
686 5958
311 5999
2083 6922
1523 7039
2636 7603
2277 8444
4932 5026
4457 8827
897 8144
2056 9395
193 9780
4379 7351
3811 9274
3538 8421
4774 7711
3066 8105
4843 5556
3172 9736
1697 8877
317 7010
2543 8859
3648 5229
3583 5461
1791 8331
1397 7211
509 6801
534 9658
1594 6198
266 7884
4635 8038
133 7019
760 7530
4092 7749
235 5213
3031 7692
4549 5763
4312 6385
3535 6834
100 9642
3102 6280
3869 8538
761 8136
3567 6731
3859 7753
1934 6003
1038 7816
4973 8735
4246 8502
4539 6303
3898 7512
2689 8258
3208 9440
3294 7599
756 9668
2838 9633
2661 5007
2027 9774
2709 8266
2556 9656
3205 8649
1188 6159
1096 9241
350 7462
719 8367
2554 7722
2680 8064
3755 6511
2086 6665
4349 6658
3832 6144
2186 8087
4674 6461
3265 7912
804 6921
694 9392
1706 7049
482 6629
2501 5379
2700 7397
4199 9860
4213 6603
3112 8751
3940 8907
2607 6444
2735 8519
2241 8336
4618 5764
924 9367
2921 8903
46 6907
791 8790
4352 9940
3872 8974
2605 5328
4418 5125
3796 5692
71 9176
773 5463
1071 9503
3814 6474
3967 9730
2646 7344
1283 8424
1883 6595
3481 8483
1566 6048
4068 9429
2983 5767
4410 6923
1660 7191
2637 6243
811 5552
3119 5806
4061 5656
331 10000
361 9571
2659 8781
509 9130
942 7768
4950 7570
2175 9425
4880 7850
1538 5957
562 6494
1097 6114
2873 8637
2875 7145
216 8462
4301 9277
1464 8480
64 6987
4501 8785
3626 5359
3927 9921
2561 7307
3365 8214
372 5192
2169 5149
4108 5316
4604 7322
2365 9893
3820 9002
1488 7252
3090 9821
39 5233
949 5061
1677 9725
2398 9390
2708 8451
1753 7770
2463 5219
3707 9464
2711 6105
1919 7682
4732 6141
122 5158
2789 9473
3987 9945
166 8349
1937 8991
4677 5830
3026 8119
701 8483
4274 7395
2745 5760
2128 7879
213 8004
1702 9572
742 6994
4776 8574
3005 8790
2481 7122
500 8067
3204 5934
3067 6853
2145 9160
3673 7885
3325 5639
3761 7829
3835 7820
1974 8669
3845 9991
4331 8120
4374 6363
430 8571
316 8769
3846 5665
532 5386
4437 9828
3106 9317
1604 9946
3469 5715
4256 8310
388 7576
2979 7019
1787 8270
4695 7597
579 6067
4476 8163
3408 6218
2720 9056
3825 7157
1716 6740
649 5401
1068 9195
4481 7549
207 6055
4225 7946
2968 7459
2532 8429
3621 5134
437 6526
341 6556
4624 9309
2545 8469
735 5451
1394 6416
2810 8707
3569 5115
2465 7129
3676 6109
1460 8166
1953 6668
2802 7092
667 9778
1673 7795
2067 9863
4516 5392
361 9866
4897 8768
3908 9853
4215 9398
3384 7489
4369 9309
3617 7736
3652 5410
1137 5683
2959 8984
4422 6409
2545 9364
257 8459
644 6082
24 7643
1850 5995
1922 7337
3468 6933
2965 9666
1663 8951
3941 8944
4444 7033
1892 6184
2341 8673
3564 8817
2763 9376
1924 5127
4005 7185
4052 8286
1693 5069
65 6209
3479 6522
3119 9432
62 7647
1149 8794
1878 8983
3551 6933
1669 7556
1100 5688
4434 8655
4075 6247
860 6706
2267 8193
3461 5415
2952 9982
365 8534
2534 7728
3448 7674
3640 5664
1135 8757
535 8610
2734 6987
1442 8816
3212 6775
3646 5953
1424 9739
992 5218
2270 5552
1822 5706
596 7012
1775 7365
2211 8624
286 7049
415 9130
3216 8980
3108 8837
3945 6030
3942 5306
1395 9086
2358 5090
2873 8649
4011 9192
3622 8868
2546 6310
523 7324
2520 5035
212 7919
3435 9488
516 7562
2825 9471
16 5183
253 6634
4488 9223
3665 7741
2809 6522
2953 9844
4755 5541
584 6110
936 5083
4542 7488
4863 8069
4279 9761
959 7114
1346 8991
4734 5853
218 5982
400 6864
3740 7150
2522 7425
3805 9152
3362 5531
1525 9823
3715 8275
2497 7107
3785 8230
3976 8956
1299 6393
507 9762
3420 9352
2368 9135
4948 5153
4356 8752
1856 7251
1992 8153
4187 5635
2212 8737
3588 6475
843 5754
132 9710
4862 9439
920 6838
666 7439
2406 7069
3762 8553
3331 7671
3746 9680
2891 7769
1715 6170
3141 7325
3406 8119
2508 7417
1222 7262
3871 6923
4871 5275
446 9978
3841 5546
3985 8995
1589 6356
2725 8102
741 9031
385 7715
1646 6084
598 9671
1976 6879
2625 8827
2217 6551
4180 9527
4392 8831
812 5265
2973 8237
3424 5619
196 5601
2339 9181
3658 8687
676 5597
4873 7837
1018 5895
1918 7409
271 5823
664 6586
392 6334
218 5852
4487 9379
679 5255
4199 6261
4673 9994
1193 7540
2581 8027
4990 5317
1567 7069
613 9183
2418 7243
1078 7682
3691 9819
2635 6072
3435 7724
2575 7673
4602 6140
3455 6573
1501 7411
3767 5066
4627 7981
1516 6815
3898 5387
2753 9947
3778 5824
641 6746
1160 8303
2513 8687
1656 9452
1068 5380
2089 6223
3324 7859
4563 8821
4975 8358
3148 5525
400 9604
281 8855
3390 7794
1518 6889
2377 5662
318 8181
4854 7214
3334 5631
2881 7728
4520 7285
4121 7955
4982 9962
4967 7305
1397 7215
2954 7964
839 8083
650 8622
1284 9196
3398 7784
2583 5160
194 6121
205 9150
3216 5904
3677 6985
3787 8064
2571 5540
1981 7746
2532 6650
852 9082
3332 7592
4637 8321
3451 9825
2073 9543
303 7334
3138 7541
4705 6316
591 6256
634 8258
4005 7992
3702 8207
3101 7315
2270 5812
3683 7648
733 8222
4745 8784
361 8330
2885 7263
382 8544
3376 7198
2957 5167
2451 9919
2132 9206
162 6912
629 7066
3109 8297
2812 8818
1336 5954
605 9627
3289 8949
448 8578
3463 7972
372 9506
235 5657
1346 6454
489 8340
2211 5204
3330 7978
268 6235
4114 5894
276 6779
713 6202
3539 5565
3364 9951
2311 5465
3198 8374
4496 9978
2430 5143
347 6579
3028 9698
2983 9043
4144 7191
1110 6135
534 9241
3521 9787
617 6711
3974 9197
4827 7748
3323 8545
3775 7814
383 5996
1740 6724
2179 9008
2439 9868
1783 5219
4228 8016
3677 5984
2905 6090
104 6430
4343 6761
107 9063
3805 8731
2302 9352
3481 9508
4 7169
4477 9740
2266 7796
1123 6094
177 8259
4996 8166
2809 9572
1261 7414
1782 8622
1904 5822
1274 8519
4098 8482
2684 6578
4859 9691
2295 5484
4338 9930
350 5061
4226 5998
1542 8530
516 7230
4748 9109
4530 7862
3514 8610
1179 8625
3545 5950
4891 7076
739 6956
1045 5336
995 9053
1412 7050
3670 5156
3968 6379
291 8459
3376 9366
618 7116
1345 6194
4655 8933
4845 5526
1886 9323
28 9985
2860 8741
2815 9273
1316 8325
4160 6156
1129 9148
220 5771
3861 6900
3824 8364
2184 5228
3267 7027
395 6623
3734 8356
2189 9217
556 7722
503 6275
1517 8023
635 5203
3638 6970
2239 6804
2642 9542
3209 7101
4006 6638
3135 7828
494 9851
3993 6640
1680 6117
4378 9497
4635 5565
590 7569
74 8972
4247 9729
3558 5925
4626 7736
3621 8917
185 7824
29 5812
1763 8428
1201 8381
276 5290
1910 9207
3901 9694
330 6828
939 5991
1342 5564
2608 5053
4607 6822
4948 9265
2930 9984
1708 6321
4180 8781
2015 9302
2669 6905
1716 9945
4964 9390
2332 5351
3501 9980
3119 8194
3867 6372
3018 6330
367 5108
3757 9096
4611 7914
20 9559
4588 5988
4720 6800
4457 9940
883 6696
321 7600
741 9089
3398 7963
3592 7025
3687 8579
2028 5932
4313 6087
1433 7258
286 8821
4610 9284
1092 6962
2169 8663
3301 9865
1498 7612
1004 6184
685 8657
3350 7160
4900 7302
3316 8398
1254 7729
2214 7154
2889 6028
4632 5635
3989 6229
1228 5784
1343 8307
1747 6151
4133 7365
2233 7717